0 0.250781 0.720833 0.078125 0.100000
0 0.393359 0.638889 0.053906 0.083333
0 0.823438 0.703472 0.089063 0.120833
1 0.300391 0.529861 0.050781 0.079167
1 0.361328 0.501389 0.052344 0.102778
0 0.428125 0.529861 0.037500 0.048611
0 0.442578 0.478472 0.027344 0.037500
0 0.423828 0.434028 0.022656 0.023611
0 0.462500 0.422222 0.017188 0.025000
0 0.418359 0.403472 0.016406 0.020833
0 0.441406 0.404167 0.015625 0.022222
0 0.471875 0.397917 0.015625 0.018056
0 0.432812 0.383333 0.010937 0.016667
0 0.447266 0.388889 0.013281 0.016667
1 0.444141 0.365278 0.016406 0.025000
1 0.545703 0.347222 0.010156 0.027778
0 0.458984 0.377083 0.008594 0.012500
0 0.485547 0.369444 0.008594 0.013889
0 0.541016 0.365972 0.010156 0.015278
0 0.604297 0.437500 0.021094 0.030556
0 0.651953 0.493056 0.032031 0.041667
