0 0.631641 0.713194 0.071094 0.115278
0 0.392969 0.647917 0.064062 0.084722
0 0.426563 0.536806 0.034375 0.056944
0 0.341797 0.485417 0.032031 0.037500
0 0.403125 0.467361 0.026562 0.034722
0 0.453906 0.443750 0.020313 0.034722
0 0.402734 0.416667 0.021094 0.025000
0 0.430859 0.420833 0.017969 0.022222
0 0.568750 0.545833 0.042188 0.069444
0 0.636328 0.478472 0.032031 0.043056
0 0.591406 0.423611 0.021875 0.027778
0 0.573438 0.397222 0.015625 0.025000
1 0.436328 0.368056 0.022656 0.044444
1 0.301953 0.591667 0.085156 0.158333
1 0.209766 0.613194 0.088281 0.126389
1 0.887109 0.769444 0.225781 0.461111
1 0.543750 0.343056 0.014063 0.027778
