1 0.138281 0.829861 0.210938 0.340278
1 0.671875 0.488889 0.093750 0.152778
1 0.425391 0.375694 0.024219 0.043056
1 0.542578 0.340278 0.016406 0.025000
0 0.389062 0.662500 0.057813 0.100000
0 0.291016 0.544444 0.047656 0.052778
0 0.372266 0.520833 0.035156 0.052778
0 0.573438 0.554861 0.040625 0.070833
0 0.549609 0.464583 0.027344 0.034722
0 0.446094 0.475694 0.025000 0.037500
0 0.460938 0.426389 0.020313 0.027778
0 0.385156 0.438889 0.021875 0.030556
0 0.419141 0.443750 0.022656 0.031944
0 0.588672 0.417361 0.019531 0.029167
0 0.535937 0.427778 0.023438 0.036111
0 0.566016 0.389583 0.013281 0.015278
