1 0.163281 0.662500 0.103125 0.147222
1 0.270313 0.639583 0.106250 0.187500
1 0.808594 0.636111 0.217188 0.325000
0 0.374219 0.722222 0.071875 0.105556
0 0.585156 0.576389 0.045312 0.072222
0 0.417578 0.565278 0.041406 0.066667
0 0.327734 0.502778 0.038281 0.052778
0 0.394531 0.477778 0.031250 0.033333
0 0.451953 0.453472 0.022656 0.037500
0 0.551953 0.487500 0.033594 0.055556
0 0.616406 0.453472 0.025000 0.040278
0 0.395703 0.422917 0.021094 0.029167
0 0.428125 0.426389 0.018750 0.025000
0 0.465234 0.413194 0.019531 0.029167
0 0.583203 0.411806 0.017969 0.026389
0 0.568750 0.389583 0.015625 0.026389
1 0.432812 0.371528 0.021875 0.043056
1 0.542578 0.342361 0.011719 0.029167
