0 0.182031 0.835417 0.109375 0.134722
0 0.369922 0.706944 0.069531 0.102778
0 0.419141 0.558333 0.039844 0.055556
0 0.721875 0.579167 0.053125 0.072222
0 0.625391 0.460417 0.025781 0.037500
0 0.591016 0.420833 0.017969 0.030556
0 0.438281 0.489583 0.028125 0.040278
0 0.417578 0.445139 0.022656 0.034722
0 0.461328 0.430556 0.017969 0.030556
0 0.469922 0.402083 0.014844 0.020833
0 0.438672 0.410417 0.017969 0.023611
0 0.414062 0.407639 0.020313 0.020833
0 0.484375 0.370833 0.009375 0.013889
0 0.430469 0.386806 0.012500 0.018056
0 0.444531 0.392361 0.010937 0.020833
0 0.363281 0.457639 0.025000 0.023611
0 0.457031 0.379861 0.010937 0.015278
1 0.440625 0.365972 0.017188 0.026389
1 0.545312 0.346528 0.010937 0.029167
1 0.538281 0.363889 0.009375 0.011111
1 0.344922 0.522917 0.060156 0.109722
1 0.275391 0.550694 0.058594 0.090278
