0 0.342187 0.805556 0.085938 0.138889
1 0.246484 0.577778 0.071094 0.102778
1 0.328125 0.550694 0.070312 0.129167
1 0.408594 0.596528 0.048438 0.068056
1 0.433203 0.513889 0.030469 0.047222
0 0.410938 0.454861 0.026562 0.031944
0 0.458203 0.436806 0.019531 0.026389
0 0.354687 0.471528 0.028125 0.031944
0 0.408984 0.411806 0.017969 0.023611
0 0.435156 0.415278 0.018750 0.025000
0 0.468750 0.405556 0.015625 0.019444
1 0.544141 0.343750 0.011719 0.026389
1 0.438672 0.368750 0.017969 0.029167
0 0.442188 0.399306 0.014063 0.018056
0 0.427344 0.390278 0.012500 0.016667
0 0.582422 0.408333 0.014844 0.025000
0 0.607422 0.439583 0.021094 0.026389
0 0.605469 0.670139 0.065625 0.118056
0 0.671484 0.520139 0.036719 0.048611
