1 0.087891 0.738889 0.108594 0.200000
1 0.217578 0.717361 0.147656 0.254167
0 0.341406 0.837500 0.092188 0.150000
0 0.405859 0.609028 0.047656 0.079167
0 0.607422 0.665278 0.064844 0.116667
1 0.718359 0.536806 0.125781 0.201389
0 0.309375 0.522917 0.039062 0.045833
0 0.384766 0.500000 0.030469 0.038889
0 0.449219 0.465972 0.023438 0.040278
0 0.541797 0.454167 0.025781 0.041667
0 0.563281 0.503472 0.032813 0.043056
0 0.601172 0.432639 0.019531 0.029167
0 0.573828 0.400000 0.016406 0.022222
1 0.541406 0.338889 0.012500 0.027778
1 0.430469 0.376389 0.023438 0.041667
0 0.391797 0.432639 0.024219 0.029167
0 0.464453 0.419444 0.021094 0.027778
0 0.423828 0.436111 0.021094 0.030556
