0 0.365234 0.747222 0.075781 0.116667
1 0.641016 0.456250 0.071094 0.129167
1 0.262109 0.576389 0.053906 0.063889
1 0.357812 0.543750 0.042188 0.048611
0 0.442578 0.495139 0.028906 0.045833
0 0.376953 0.449306 0.027344 0.031944
0 0.458984 0.433333 0.019531 0.030556
0 0.414062 0.452778 0.025000 0.036111
0 0.405078 0.412500 0.016406 0.025000
0 0.439844 0.404167 0.015625 0.022222
0 0.531250 0.410417 0.018750 0.026389
0 0.542969 0.437500 0.020313 0.030556
0 0.557813 0.495139 0.029687 0.051389
0 0.579688 0.402778 0.015625 0.022222
0 0.475391 0.385417 0.013281 0.018056
1 0.421875 0.379861 0.023438 0.037500
1 0.542188 0.338194 0.010937 0.023611
0 0.562891 0.383333 0.013281 0.016667
1 0.081641 0.888194 0.161719 0.223611
