0 0.327734 0.871528 0.102344 0.165278
0 0.229297 0.610417 0.064844 0.073611
0 0.338672 0.578472 0.047656 0.062500
0 0.437109 0.511806 0.035156 0.051389
0 0.639453 0.722222 0.075781 0.130556
0 0.808203 0.838889 0.105469 0.163889
0 0.544922 0.458333 0.025781 0.044444
0 0.408984 0.461806 0.024219 0.037500
0 0.368359 0.456944 0.025781 0.036111
0 0.397266 0.418750 0.016406 0.026389
0 0.455078 0.442361 0.021094 0.031944
1 0.621484 0.433333 0.057031 0.100000
1 0.537891 0.418750 0.021094 0.023611
1 0.572266 0.395139 0.013281 0.020833
1 0.529297 0.397222 0.019531 0.025000
1 0.541797 0.337500 0.010156 0.022222
1 0.419141 0.384722 0.024219 0.044444
