1 0.322266 0.834722 0.089844 0.152778
0 0.293359 0.652778 0.061719 0.083333
0 0.407031 0.593056 0.042188 0.072222
0 0.433203 0.505556 0.030469 0.044444
0 0.689844 0.538194 0.040625 0.056944
0 0.621875 0.454167 0.025000 0.036111
0 0.316797 0.506944 0.046094 0.066667
1 0.317188 0.507639 0.046875 0.068056
1 0.373828 0.483333 0.046094 0.088889
0 0.446875 0.465278 0.025000 0.036111
0 0.428516 0.427083 0.019531 0.026389
0 0.464844 0.417361 0.015625 0.023611
0 0.473047 0.395139 0.013281 0.020833
0 0.444531 0.401389 0.014063 0.022222
0 0.422656 0.397917 0.017188 0.020833
0 0.436719 0.380556 0.012500 0.013889
0 0.460938 0.373611 0.010937 0.013889
1 0.446094 0.363889 0.014063 0.025000
1 0.547266 0.348611 0.013281 0.030556
0 0.542188 0.371528 0.010937 0.015278
