0 0.198828 0.797917 0.107031 0.140278
0 0.154688 0.707639 0.093750 0.090278
0 0.395703 0.643750 0.053906 0.081944
0 0.327344 0.507639 0.037500 0.040278
0 0.372266 0.518056 0.032031 0.044444
0 0.441406 0.470833 0.025000 0.038889
0 0.411328 0.455556 0.022656 0.030556
1 0.394141 0.422222 0.024219 0.038889
1 0.430859 0.404861 0.021094 0.045833
0 0.456250 0.439583 0.017188 0.023611
0 0.463672 0.416667 0.019531 0.019444
0 0.599609 0.479167 0.027344 0.044444
0 0.561328 0.415278 0.016406 0.025000
0 0.454297 0.387500 0.011719 0.016667
0 0.478516 0.384028 0.011719 0.015278
0 0.446484 0.372222 0.010156 0.013889
1 0.462109 0.353472 0.011719 0.023611
0 0.460547 0.372917 0.010156 0.012500
0 0.482031 0.371528 0.010937 0.012500
1 0.567969 0.373611 0.023438 0.047222
