0 0.232813 0.618750 0.065625 0.068056
0 0.289453 0.661806 0.058594 0.081944
0 0.374609 0.513889 0.033594 0.041667
0 0.850391 0.724306 0.099219 0.140278
1 0.413281 0.556250 0.040625 0.065278
0 0.440625 0.486806 0.028125 0.043056
1 0.364844 0.451389 0.029687 0.050000
1 0.408984 0.434028 0.032031 0.059722
0 0.451562 0.450000 0.021875 0.030556
0 0.456641 0.425000 0.014844 0.019444
0 0.442578 0.404861 0.014844 0.023611
0 0.472266 0.398611 0.013281 0.019444
0 0.477734 0.381250 0.011719 0.015278
0 0.452734 0.384028 0.011719 0.015278
0 0.436719 0.383333 0.012500 0.016667
1 0.453125 0.357639 0.012500 0.023611
0 0.555078 0.397222 0.013281 0.022222
0 0.542188 0.377778 0.010937 0.016667
1 0.554297 0.358333 0.014844 0.036111
