0 0.248047 0.736111 0.077344 0.102778
0 0.191797 0.661111 0.078906 0.069444
1 0.402344 0.590972 0.050000 0.079167
0 0.360547 0.534028 0.035156 0.051389
0 0.433594 0.502778 0.031250 0.041667
0 0.741406 0.598611 0.057813 0.086111
1 0.355469 0.460417 0.032813 0.054167
1 0.403125 0.444444 0.034375 0.069444
0 0.448828 0.461111 0.024219 0.033333
0 0.439453 0.408333 0.016406 0.019444
0 0.433594 0.385417 0.012500 0.018056
0 0.450391 0.388889 0.013281 0.019444
0 0.470703 0.402778 0.013281 0.022222
0 0.550391 0.388889 0.014844 0.022222
0 0.476953 0.384028 0.013281 0.018056
1 0.452734 0.358333 0.013281 0.027778
1 0.552344 0.356944 0.014063 0.033333
