0 0.062500 0.833333 0.121875 0.152778
1 0.360547 0.711806 0.069531 0.109722
0 0.321484 0.601389 0.052344 0.075000
0 0.418359 0.556250 0.041406 0.059722
1 0.331250 0.491667 0.040625 0.063889
1 0.383984 0.466667 0.042969 0.077778
0 0.439453 0.488194 0.028906 0.037500
0 0.448828 0.448611 0.022656 0.030556
0 0.431641 0.419444 0.021094 0.030556
0 0.467578 0.411111 0.016406 0.027778
0 0.645703 0.488194 0.036719 0.051389
0 0.760938 0.625694 0.060937 0.084722
1 0.549219 0.350694 0.015625 0.037500
1 0.426563 0.393056 0.014063 0.019444
1 0.446875 0.395139 0.014063 0.018056
0 0.474609 0.389583 0.013281 0.018056
0 0.453516 0.383333 0.011719 0.013889
1 0.449219 0.361111 0.015625 0.025000
0 0.544922 0.375694 0.011719 0.012500
0 0.534375 0.363194 0.009375 0.012500
