0 0.259375 0.699306 0.076563 0.106944
0 0.195312 0.648611 0.053125 0.083333
0 0.409766 0.594444 0.044531 0.069444
0 0.341797 0.490972 0.032031 0.037500
0 0.384766 0.497917 0.028906 0.040278
0 0.444531 0.457639 0.023438 0.040278
0 0.417187 0.445139 0.020313 0.029167
1 0.399609 0.414583 0.021094 0.037500
1 0.435156 0.400694 0.023438 0.045833
0 0.459375 0.429861 0.015625 0.020833
0 0.465625 0.411111 0.017188 0.016667
0 0.456250 0.384028 0.010937 0.015278
0 0.448437 0.370139 0.009375 0.012500
0 0.479297 0.382639 0.010156 0.015278
1 0.545312 0.369444 0.018750 0.050000
1 0.572266 0.377778 0.024219 0.052778
0 0.522656 0.377083 0.010937 0.015278
0 0.571094 0.434722 0.020313 0.027778
0 0.629687 0.530556 0.039062 0.061111
