0 0.266406 0.581944 0.054688 0.063889
0 0.318750 0.606250 0.046875 0.065278
1 0.421875 0.526389 0.035937 0.058333
0 0.385937 0.493056 0.029687 0.047222
1 0.373047 0.441667 0.028906 0.050000
1 0.415625 0.426389 0.026562 0.058333
0 0.446094 0.471528 0.023438 0.034722
0 0.455469 0.439583 0.020313 0.026389
0 0.459375 0.417361 0.015625 0.018056
0 0.445703 0.399306 0.014844 0.018056
0 0.474219 0.393750 0.012500 0.015278
0 0.479297 0.379861 0.011719 0.015278
0 0.455469 0.381250 0.012500 0.015278
0 0.439063 0.379167 0.012500 0.013889
1 0.557422 0.360417 0.017969 0.037500
1 0.455469 0.354167 0.012500 0.022222
0 0.561328 0.410417 0.017969 0.026389
0 0.546094 0.384028 0.012500 0.015278
