0 0.105859 0.925000 0.153906 0.138889
0 0.376172 0.711806 0.066406 0.112500
0 0.088281 0.792361 0.125000 0.120833
0 0.310937 0.527778 0.040625 0.047222
0 0.359375 0.542361 0.037500 0.048611
0 0.435937 0.487500 0.029687 0.050000
0 0.402344 0.466667 0.023438 0.036111
1 0.387891 0.427083 0.024219 0.043056
1 0.426563 0.411806 0.025000 0.051389
0 0.453906 0.447917 0.018750 0.029167
0 0.460547 0.423611 0.019531 0.022222
0 0.464453 0.405556 0.013281 0.013889
0 0.451172 0.390972 0.013281 0.018056
0 0.476562 0.386806 0.010937 0.018056
0 0.443750 0.375000 0.012500 0.013889
0 0.480859 0.374306 0.010156 0.012500
0 0.458594 0.375694 0.010937 0.015278
1 0.459766 0.353472 0.011719 0.026389
0 0.555078 0.404167 0.014844 0.022222
0 0.582031 0.449306 0.023438 0.034722
1 0.563672 0.368750 0.019531 0.043056
