0 0.345703 0.824306 0.083594 0.140278
0 0.339844 0.570139 0.043750 0.056944
0 0.291016 0.554167 0.046094 0.055556
0 0.428906 0.504167 0.032813 0.052778
0 0.396484 0.479167 0.027344 0.038889
1 0.380469 0.436806 0.028125 0.045833
1 0.421094 0.418750 0.026562 0.051389
0 0.450000 0.458333 0.021875 0.030556
0 0.458203 0.431944 0.021094 0.022222
0 0.461719 0.411111 0.015625 0.019444
0 0.449219 0.395139 0.014063 0.018056
0 0.569141 0.427083 0.019531 0.029167
0 0.475781 0.390972 0.012500 0.015278
0 0.480469 0.376389 0.012500 0.013889
1 0.558984 0.364583 0.016406 0.040278
0 0.441797 0.377083 0.011719 0.015278
0 0.457031 0.377778 0.010937 0.013889
1 0.458203 0.353472 0.013281 0.023611
0 0.550000 0.392361 0.014063 0.018056
