0 0.182031 0.858333 0.106250 0.141667
0 0.132812 0.735417 0.103125 0.098611
1 0.383594 0.643056 0.057813 0.091667
0 0.343750 0.565972 0.045312 0.056944
0 0.894922 0.786111 0.105469 0.138889
0 0.680078 0.527083 0.041406 0.065278
0 0.424219 0.526389 0.032813 0.050000
0 0.443750 0.468056 0.028125 0.036111
1 0.344922 0.473611 0.036719 0.058333
1 0.394531 0.454861 0.039062 0.076389
0 0.436328 0.414583 0.016406 0.023611
0 0.468359 0.405556 0.014844 0.019444
0 0.453125 0.442361 0.020313 0.023611
0 0.429297 0.389583 0.013281 0.020833
0 0.448437 0.390972 0.012500 0.018056
0 0.475391 0.386111 0.013281 0.016667
1 0.449609 0.359722 0.014844 0.025000
1 0.550781 0.352083 0.014063 0.031944
0 0.546875 0.381250 0.012500 0.015278
