0 0.325391 0.863889 0.088281 0.136111
0 0.256250 0.729167 0.084375 0.113889
0 0.205078 0.641667 0.083594 0.080556
0 0.407031 0.627083 0.045312 0.073611
0 0.435547 0.507639 0.030469 0.051389
0 0.384375 0.500694 0.029687 0.045833
1 0.305469 0.523611 0.048438 0.066667
1 0.654687 0.533333 0.104688 0.211111
1 0.778906 0.581944 0.145313 0.263889
0 0.571875 0.553472 0.039062 0.068056
0 0.376172 0.451389 0.024219 0.030556
0 0.413281 0.445833 0.021875 0.036111
0 0.456250 0.433333 0.020313 0.025000
0 0.439844 0.411806 0.017188 0.020833
0 0.410547 0.411806 0.017969 0.020833
0 0.469922 0.395139 0.014844 0.023611
0 0.452344 0.388889 0.010937 0.016667
1 0.435937 0.379167 0.014063 0.027778
1 0.458984 0.367361 0.014844 0.026389
0 0.527344 0.397222 0.014063 0.022222
0 0.573828 0.390972 0.011719 0.020833
0 0.547266 0.382639 0.011719 0.015278
0 0.542969 0.455556 0.020313 0.027778
0 0.576562 0.449306 0.018750 0.031944
0 0.538672 0.369444 0.010156 0.013889
0 0.555078 0.366667 0.008594 0.013889
