1 0.705078 0.516667 0.107031 0.180556
1 0.616797 0.486111 0.071094 0.161111
1 0.288281 0.543056 0.057813 0.080556
0 0.198828 0.830556 0.116406 0.136111
0 0.157422 0.699306 0.099219 0.098611
0 0.391406 0.687500 0.059375 0.083333
0 0.431250 0.529167 0.032813 0.061111
0 0.555469 0.501389 0.028125 0.047222
0 0.374219 0.518056 0.034375 0.050000
0 0.367188 0.461111 0.023438 0.033333
0 0.406250 0.455556 0.025000 0.036111
0 0.455469 0.441667 0.018750 0.025000
0 0.535937 0.435417 0.018750 0.026389
0 0.567578 0.430556 0.017969 0.027778
0 0.435937 0.417361 0.015625 0.020833
0 0.405078 0.418056 0.019531 0.022222
0 0.466797 0.398611 0.014844 0.027778
0 0.524609 0.387500 0.016406 0.022222
0 0.569141 0.382639 0.013281 0.023611
1 0.432422 0.380556 0.014844 0.027778
1 0.456641 0.368750 0.014844 0.029167
0 0.450391 0.393750 0.010156 0.018056
0 0.543750 0.377778 0.009375 0.013889
