0 0.364063 0.794444 0.081250 0.119444
0 0.088281 0.786806 0.131250 0.137500
1 0.259375 0.574306 0.064062 0.095833
0 0.422266 0.559028 0.042969 0.076389
1 0.662500 0.478472 0.078125 0.151389
1 0.594922 0.452083 0.055469 0.126389
0 0.544922 0.463194 0.022656 0.037500
0 0.360547 0.544444 0.041406 0.058333
0 0.355469 0.475000 0.029687 0.041667
0 0.397656 0.470833 0.026562 0.041667
0 0.451172 0.454861 0.021094 0.031944
0 0.431641 0.423611 0.016406 0.025000
0 0.400000 0.422222 0.020313 0.022222
0 0.464844 0.402778 0.015625 0.022222
0 0.446094 0.397222 0.012500 0.019444
1 0.429297 0.384722 0.014844 0.027778
1 0.455469 0.372917 0.017188 0.031944
0 0.476562 0.384028 0.012500 0.018056
0 0.523438 0.378472 0.012500 0.018056
0 0.564844 0.379167 0.012500 0.019444
0 0.541016 0.372222 0.008594 0.011111
0 0.532031 0.418750 0.015625 0.020833
0 0.560156 0.415972 0.015625 0.026389
1 0.533594 0.349306 0.009375 0.018056
0 0.108203 0.947917 0.157031 0.104167
