0 0.812891 0.829167 0.114844 0.191667
0 0.188281 0.847917 0.114062 0.151389
0 0.325781 0.588194 0.051562 0.073611
0 0.271484 0.570139 0.052344 0.068056
0 0.428906 0.530556 0.035937 0.052778
0 0.364453 0.465278 0.028906 0.033333
0 0.402734 0.468750 0.024219 0.031944
0 0.452344 0.436111 0.020313 0.033333
0 0.428125 0.426389 0.018750 0.025000
1 0.408984 0.402778 0.019531 0.036111
1 0.441797 0.390972 0.019531 0.040278
0 0.463672 0.416667 0.014844 0.019444
0 0.468750 0.402083 0.014063 0.018056
0 0.459766 0.377778 0.010156 0.013889
0 0.481250 0.377083 0.010937 0.012500
0 0.525000 0.390278 0.012500 0.019444
1 0.552344 0.383333 0.023438 0.058333
1 0.584375 0.390972 0.029687 0.059722
0 0.604688 0.493056 0.029687 0.038889
