0 0.367969 0.734028 0.067187 0.101389
0 0.296094 0.655556 0.067187 0.088889
0 0.244531 0.600694 0.064062 0.073611
0 0.418359 0.581250 0.039844 0.059722
1 0.324609 0.501389 0.041406 0.055556
1 0.726172 0.652083 0.183594 0.370833
1 0.909766 0.708333 0.177344 0.480556
1 0.602344 0.661806 0.054688 0.112500
0 0.551562 0.485417 0.028125 0.037500
0 0.393359 0.484028 0.030469 0.040278
0 0.441797 0.489583 0.028906 0.048611
0 0.420312 0.436806 0.021875 0.029167
0 0.383594 0.441667 0.021875 0.030556
0 0.459375 0.425694 0.015625 0.023611
0 0.442969 0.405556 0.015625 0.019444
0 0.413672 0.404861 0.014844 0.018056
0 0.471484 0.390972 0.013281 0.020833
0 0.453906 0.384722 0.010937 0.013889
1 0.439453 0.376389 0.014844 0.025000
1 0.530078 0.408333 0.016406 0.025000
0 0.590234 0.477778 0.024219 0.041667
0 0.579688 0.399306 0.015625 0.023611
0 0.550781 0.390972 0.012500 0.018056
0 0.540625 0.375694 0.010937 0.018056
0 0.558594 0.371528 0.010937 0.015278
0 0.566406 0.388889 0.009375 0.016667
1 0.460547 0.367361 0.014844 0.023611
