1 0.189453 0.658333 0.094531 0.127778
0 0.395703 0.650694 0.061719 0.104167
0 0.321875 0.611806 0.054688 0.070833
0 0.849609 0.899306 0.125781 0.195833
1 0.570703 0.413194 0.036719 0.084722
1 0.618750 0.427083 0.051562 0.093056
0 0.532813 0.421528 0.017188 0.026389
0 0.376563 0.504167 0.034375 0.050000
0 0.329688 0.502778 0.034375 0.047222
0 0.445703 0.476389 0.028906 0.036111
0 0.421875 0.439583 0.020313 0.029167
0 0.386719 0.436111 0.021875 0.027778
0 0.459766 0.414583 0.017969 0.029167
0 0.439453 0.407639 0.013281 0.020833
1 0.421094 0.390972 0.017188 0.029167
1 0.450000 0.380556 0.017188 0.033333
0 0.474219 0.391667 0.014063 0.019444
0 0.466016 0.370833 0.008594 0.013889
0 0.484375 0.369444 0.009375 0.016667
0 0.527344 0.395833 0.014063 0.019444
0 0.521094 0.368056 0.009375 0.016667
