1 0.137891 0.714583 0.116406 0.148611
0 0.375781 0.721528 0.076563 0.129167
0 0.294531 0.659028 0.065625 0.087500
0 0.362500 0.525694 0.037500 0.054167
0 0.314844 0.521528 0.040625 0.051389
0 0.441016 0.488194 0.028906 0.037500
0 0.700781 0.653472 0.060937 0.093056
0 0.380078 0.445139 0.022656 0.029167
0 0.416406 0.446528 0.020313 0.026389
0 0.457422 0.420139 0.016406 0.026389
0 0.435937 0.413889 0.017188 0.025000
1 0.417187 0.395833 0.017188 0.030556
0 0.529687 0.407639 0.014063 0.023611
1 0.447656 0.383333 0.018750 0.036111
0 0.473438 0.396528 0.014063 0.020833
0 0.525391 0.386111 0.013281 0.016667
1 0.563672 0.400000 0.030469 0.075000
1 0.603906 0.413194 0.039062 0.079167
0 0.464844 0.372917 0.010937 0.015278
