1 0.232031 0.608333 0.076563 0.102778
0 0.411328 0.595833 0.050781 0.086111
0 0.344922 0.570833 0.044531 0.063889
0 0.344922 0.487500 0.033594 0.041667
0 0.388281 0.486806 0.029687 0.048611
0 0.448047 0.463194 0.022656 0.034722
0 0.426953 0.430556 0.017969 0.025000
0 0.393750 0.428472 0.018750 0.029167
0 0.537891 0.440278 0.019531 0.030556
0 0.529687 0.404167 0.014063 0.016667
0 0.553125 0.403472 0.015625 0.020833
0 0.522266 0.372917 0.011719 0.018056
0 0.461719 0.409028 0.017188 0.026389
1 0.426953 0.386806 0.017969 0.034722
1 0.452734 0.375694 0.016406 0.031944
1 0.471484 0.344444 0.011719 0.022222
0 0.539062 0.370139 0.009375 0.012500
0 0.475781 0.387500 0.014063 0.016667
0 0.468750 0.369444 0.010937 0.013889
1 0.582031 0.429861 0.042188 0.098611
1 0.637109 0.447917 0.061719 0.115278
0 0.323047 0.931944 0.105469 0.136111
