0 0.295312 0.633333 0.057813 0.083333
0 0.238672 0.604861 0.055469 0.070833
0 0.680859 0.613194 0.057031 0.093056
0 0.419531 0.561111 0.040625 0.061111
0 0.352734 0.477083 0.028906 0.034722
0 0.394531 0.481944 0.026562 0.033333
0 0.448828 0.446528 0.021094 0.034722
0 0.422656 0.435417 0.018750 0.029167
1 0.404687 0.410417 0.018750 0.031944
1 0.548438 0.376389 0.020313 0.050000
1 0.437500 0.395833 0.021875 0.044444
0 0.583984 0.456944 0.024219 0.033333
0 0.462109 0.423611 0.016406 0.019444
0 0.467578 0.406250 0.014844 0.018056
0 0.458203 0.381250 0.010156 0.015278
0 0.479687 0.380556 0.010937 0.016667
0 0.523438 0.381944 0.014063 0.013889
