0 0.337500 0.848611 0.104688 0.197222
0 0.252344 0.735417 0.082812 0.118056
0 0.344922 0.554861 0.042969 0.065278
0 0.294531 0.543750 0.045312 0.056944
0 0.435547 0.509722 0.030469 0.047222
0 0.637109 0.547222 0.038281 0.055556
0 0.372656 0.454861 0.025000 0.029167
0 0.409766 0.458333 0.022656 0.030556
0 0.431641 0.420139 0.017969 0.023611
1 0.412891 0.399306 0.016406 0.031944
1 0.557031 0.390278 0.026562 0.066667
1 0.592969 0.402083 0.034375 0.070833
0 0.454688 0.429167 0.018750 0.033333
1 0.444922 0.386806 0.017969 0.037500
0 0.526953 0.397917 0.014844 0.020833
0 0.471094 0.397917 0.014063 0.018056
0 0.464844 0.409722 0.015625 0.016667
1 0.466797 0.347222 0.010156 0.019444
0 0.462109 0.375000 0.010156 0.013889
0 0.482812 0.375694 0.010937 0.015278
1 0.070703 0.804167 0.139844 0.188889
