1 0.191797 0.659028 0.141406 0.170833
1 0.398047 0.622917 0.057031 0.104167
1 0.587500 0.448611 0.031250 0.069444
1 0.410156 0.409722 0.021875 0.036111
0 0.697266 0.664583 0.067969 0.120833
0 0.808594 0.680556 0.087500 0.125000
0 0.649219 0.489583 0.034375 0.048611
0 0.303906 0.641667 0.064062 0.083333
0 0.107813 0.928472 0.150000 0.129167
0 0.362891 0.536111 0.041406 0.052778
0 0.443750 0.487500 0.028125 0.047222
0 0.538672 0.429167 0.024219 0.033333
0 0.390625 0.436111 0.025000 0.033333
0 0.421875 0.438889 0.020313 0.025000
0 0.441406 0.402083 0.014063 0.023611
0 0.457031 0.437500 0.018750 0.025000
0 0.467578 0.402778 0.016406 0.022222
0 0.453125 0.381944 0.014063 0.022222
0 0.476562 0.380556 0.014063 0.019444
0 0.430078 0.388194 0.014844 0.018056
0 0.527734 0.381944 0.013281 0.016667
0 0.555469 0.394444 0.017188 0.022222
0 0.566406 0.383333 0.012500 0.016667
