1 0.710938 0.540972 0.062500 0.112500
0 0.650781 0.566667 0.042188 0.072222
0 0.643359 0.482639 0.033594 0.045833
0 0.583594 0.459722 0.025000 0.041667
0 0.594531 0.422222 0.018750 0.030556
1 0.558594 0.399306 0.021875 0.048611
0 0.306250 0.634722 0.059375 0.072222
0 0.423828 0.565972 0.041406 0.062500
0 0.064844 0.816667 0.128125 0.136111
0 0.128125 0.934028 0.146875 0.129167
0 0.366797 0.461111 0.028906 0.041667
0 0.404687 0.472222 0.031250 0.036111
0 0.446484 0.472917 0.024219 0.037500
0 0.430859 0.418056 0.019531 0.025000
0 0.454688 0.446528 0.020313 0.026389
1 0.392188 0.420833 0.023438 0.044444
0 0.530469 0.390972 0.017188 0.026389
0 0.461328 0.418750 0.017969 0.026389
0 0.448437 0.394444 0.015625 0.022222
0 0.473438 0.390972 0.012500 0.018056
0 0.419531 0.399306 0.015625 0.020833
0 0.436719 0.381250 0.012500 0.018056
0 0.312109 0.896528 0.136719 0.206944
