0 0.408984 0.597917 0.042969 0.068056
0 0.346484 0.570833 0.046094 0.061111
0 0.297656 0.538889 0.048438 0.058333
1 0.351172 0.473611 0.033594 0.047222
0 0.433203 0.520833 0.028906 0.047222
0 0.449609 0.460417 0.021094 0.040278
0 0.408203 0.459028 0.024219 0.034722
0 0.396875 0.428472 0.020313 0.026389
0 0.431250 0.419444 0.018750 0.027778
0 0.463672 0.411806 0.017969 0.020833
0 0.448437 0.395139 0.014063 0.018056
0 0.422266 0.395139 0.013281 0.018056
0 0.475391 0.384028 0.013281 0.018056
0 0.540625 0.450000 0.021875 0.036111
0 0.588281 0.619444 0.045312 0.061111
0 0.645703 0.581250 0.046094 0.073611
0 0.595313 0.413889 0.018750 0.041667
0 0.560547 0.411111 0.014844 0.022222
0 0.578125 0.403472 0.014063 0.023611
0 0.547266 0.386806 0.014844 0.018056
0 0.565234 0.381250 0.011719 0.015278
