0 0.328906 0.904861 0.106250 0.165278
0 0.636328 0.790972 0.078906 0.123611
0 0.705078 0.685417 0.067969 0.109722
0 0.419531 0.559722 0.037500 0.055556
0 0.361719 0.540972 0.040625 0.056944
0 0.316797 0.521528 0.038281 0.054167
1 0.363672 0.460417 0.038281 0.048611
0 0.550391 0.482639 0.027344 0.048611
1 0.607422 0.425694 0.025781 0.048611
0 0.569531 0.422917 0.020313 0.026389
0 0.439063 0.498611 0.025000 0.044444
0 0.414062 0.449306 0.025000 0.031944
0 0.452734 0.450000 0.024219 0.036111
0 0.400781 0.420139 0.025000 0.023611
0 0.435156 0.414583 0.020313 0.026389
0 0.466797 0.406944 0.016406 0.022222
0 0.450781 0.392361 0.012500 0.018056
0 0.425391 0.394444 0.013281 0.016667
0 0.477344 0.381944 0.012500 0.016667
0 0.550000 0.395139 0.015625 0.023611
0 0.568359 0.384722 0.013281 0.019444
1 0.541797 0.368750 0.011719 0.023611
0 0.525000 0.366667 0.009375 0.011111
