0 0.668750 0.878472 0.104688 0.215278
0 0.410547 0.606944 0.047656 0.072222
0 0.274609 0.693750 0.072656 0.093056
0 0.357812 0.472917 0.034375 0.043056
0 0.396094 0.483333 0.028125 0.038889
0 0.441016 0.488194 0.024219 0.037500
1 0.386719 0.433333 0.028125 0.047222
0 0.451953 0.455556 0.021094 0.025000
0 0.459375 0.424306 0.018750 0.029167
0 0.428516 0.423611 0.021094 0.025000
0 0.416406 0.404167 0.017188 0.022222
0 0.444531 0.398611 0.015625 0.019444
0 0.433984 0.384028 0.014844 0.018056
0 0.473047 0.392361 0.013281 0.018056
0 0.570703 0.438194 0.021094 0.034722
0 0.586719 0.410417 0.017188 0.023611
0 0.621094 0.461111 0.026562 0.038889
0 0.616016 0.506944 0.028906 0.041667
1 0.671484 0.492361 0.041406 0.084722
1 0.553516 0.388889 0.016406 0.033333
0 0.529687 0.380556 0.012500 0.019444
