1 0.862500 0.766667 0.275000 0.458333
0 0.671484 0.886111 0.099219 0.216667
0 0.610547 0.516667 0.032031 0.055556
0 0.562891 0.535417 0.032031 0.045833
0 0.533984 0.427083 0.017969 0.029167
0 0.587109 0.403472 0.019531 0.040278
0 0.555078 0.400000 0.013281 0.019444
0 0.571484 0.395139 0.011719 0.020833
0 0.543750 0.380556 0.012500 0.016667
0 0.560547 0.375694 0.010156 0.015278
0 0.472266 0.386111 0.013281 0.019444
0 0.456250 0.382639 0.010937 0.015278
1 0.440234 0.371528 0.013281 0.026389
0 0.424609 0.427083 0.019531 0.029167
0 0.462109 0.418056 0.016406 0.025000
0 0.445703 0.401389 0.011719 0.016667
0 0.418359 0.402083 0.014844 0.018056
0 0.390625 0.435417 0.020313 0.026389
0 0.400781 0.472222 0.026562 0.038889
0 0.446094 0.472917 0.025000 0.043056
0 0.427734 0.548611 0.035156 0.052778
1 0.337891 0.488194 0.039844 0.056944
0 0.273438 0.569444 0.056250 0.069444
0 0.323828 0.607639 0.053906 0.068056
0 0.391406 0.656250 0.051562 0.079167
