1 0.092578 0.804167 0.183594 0.261111
1 0.358594 0.770833 0.096875 0.163889
0 0.218750 0.806250 0.100000 0.131944
0 0.330859 0.592361 0.052344 0.062500
0 0.431641 0.531250 0.035156 0.051389
0 0.410547 0.457639 0.024219 0.034722
0 0.375000 0.450000 0.029687 0.038889
0 0.450000 0.456944 0.023438 0.027778
0 0.603125 0.498611 0.034375 0.055556
0 0.673828 0.522222 0.046094 0.066667
0 0.718359 0.677778 0.064844 0.111111
1 0.398828 0.419444 0.022656 0.030556
0 0.609766 0.441667 0.022656 0.033333
1 0.566406 0.413194 0.023438 0.043056
0 0.532813 0.400694 0.017188 0.018056
0 0.457031 0.436806 0.017188 0.020833
0 0.435547 0.410417 0.016406 0.023611
0 0.424609 0.395139 0.014844 0.015278
0 0.462891 0.411111 0.016406 0.025000
0 0.450000 0.390278 0.014063 0.019444
0 0.438672 0.379167 0.010156 0.011111
0 0.474609 0.386806 0.013281 0.015278
1 0.780859 0.616667 0.094531 0.161111
