0 0.230859 0.781944 0.102344 0.119444
0 0.392969 0.673611 0.057813 0.094444
0 0.592578 0.626389 0.052344 0.100000
0 0.641797 0.463889 0.035156 0.066667
0 0.591016 0.468750 0.022656 0.040278
0 0.606250 0.441667 0.026562 0.030556
0 0.435156 0.507639 0.028125 0.037500
0 0.387891 0.499306 0.030469 0.045833
0 0.346094 0.486111 0.035937 0.038889
1 0.380078 0.439583 0.027344 0.040278
0 0.446875 0.466667 0.023438 0.030556
0 0.422266 0.430556 0.021094 0.025000
0 0.456641 0.430556 0.021094 0.027778
0 0.410156 0.411806 0.017188 0.026389
0 0.562109 0.417361 0.016406 0.023611
0 0.431641 0.386806 0.013281 0.018056
0 0.442188 0.401389 0.014063 0.022222
0 0.469141 0.399306 0.013281 0.020833
0 0.455859 0.384028 0.010156 0.015278
0 0.478906 0.375000 0.010937 0.016667
1 0.548828 0.379861 0.013281 0.029167
0 0.579688 0.401389 0.014063 0.019444
