0 0.158984 0.897917 0.128906 0.156944
0 0.369141 0.752778 0.072656 0.108333
0 0.427344 0.528472 0.031250 0.048611
0 0.375391 0.518750 0.036719 0.051389
0 0.332813 0.497222 0.040625 0.052778
1 0.368750 0.447222 0.029687 0.044444
0 0.417969 0.439583 0.020313 0.026389
0 0.442969 0.482639 0.025000 0.037500
0 0.407031 0.413194 0.021875 0.020833
0 0.438281 0.409028 0.015625 0.026389
0 0.455859 0.440278 0.019531 0.033333
0 0.467578 0.403472 0.014844 0.018056
0 0.452734 0.388889 0.013281 0.016667
0 0.429297 0.388889 0.013281 0.016667
0 0.479687 0.377778 0.012500 0.016667
0 0.567187 0.534028 0.032813 0.062500
0 0.622656 0.449306 0.026562 0.040278
0 0.577734 0.444444 0.019531 0.027778
0 0.593750 0.425000 0.018750 0.027778
0 0.557031 0.404167 0.017188 0.025000
0 0.573438 0.393750 0.015625 0.020833
0 0.544141 0.374306 0.014844 0.029167
1 0.524219 0.370139 0.010937 0.012500
