1 0.135547 0.736111 0.183594 0.222222
1 0.380078 0.679861 0.072656 0.129167
1 0.901953 0.743750 0.180469 0.276389
1 0.574609 0.429167 0.032031 0.058333
1 0.403906 0.412500 0.026562 0.027778
0 0.266406 0.708333 0.071875 0.102778
0 0.350000 0.565278 0.045312 0.066667
0 0.437891 0.509722 0.032031 0.052778
0 0.634766 0.549306 0.046094 0.059722
0 0.721484 0.579861 0.052344 0.081944
0 0.874609 0.915278 0.135156 0.169444
0 0.626172 0.460417 0.028906 0.045833
0 0.454297 0.449306 0.019531 0.029167
0 0.418359 0.450694 0.025781 0.034722
0 0.383594 0.440972 0.026562 0.034722
0 0.437891 0.404861 0.016406 0.020833
0 0.534766 0.410417 0.014844 0.029167
0 0.550000 0.385417 0.012500 0.018056
0 0.525000 0.373611 0.012500 0.016667
0 0.459766 0.426389 0.019531 0.016667
0 0.464844 0.404861 0.015625 0.023611
0 0.452344 0.385417 0.015625 0.023611
0 0.425781 0.390972 0.014063 0.020833
0 0.476172 0.383333 0.011719 0.016667
