1 0.135547 0.641667 0.266406 0.355556
1 0.296094 0.519444 0.051562 0.077778
1 0.363281 0.456944 0.040625 0.061111
1 0.535156 0.388889 0.015625 0.038889
1 0.456250 0.438889 0.023438 0.036111
1 0.439453 0.370833 0.014844 0.027778
0 0.653125 0.815972 0.087500 0.162500
0 0.800391 0.692361 0.083594 0.126389
0 0.677734 0.520139 0.038281 0.051389
0 0.565234 0.508333 0.033594 0.047222
0 0.624609 0.460417 0.027344 0.031944
0 0.393359 0.686806 0.058594 0.093056
0 0.330469 0.597222 0.048438 0.072222
0 0.440625 0.493750 0.028125 0.034722
0 0.392969 0.479861 0.025000 0.034722
0 0.416016 0.448611 0.021094 0.025000
0 0.427344 0.425694 0.015625 0.029167
0 0.468359 0.404861 0.014844 0.020833
0 0.451953 0.390278 0.013281 0.019444
0 0.521484 0.378472 0.010156 0.018056
0 0.586719 0.414583 0.015625 0.026389
0 0.574609 0.393750 0.017969 0.023611
0 0.560156 0.377083 0.010937 0.018056
