1 0.119531 0.709028 0.232813 0.440278
1 0.275000 0.539583 0.054688 0.084722
1 0.353906 0.465972 0.046875 0.081944
1 0.531250 0.379861 0.018750 0.034722
0 0.718750 0.591667 0.057813 0.086111
0 0.591406 0.618056 0.053125 0.088889
0 0.649219 0.488889 0.037500 0.050000
0 0.373828 0.759722 0.071094 0.122222
0 0.309766 0.630556 0.066406 0.080556
0 0.436328 0.509722 0.030469 0.050000
0 0.383203 0.490972 0.030469 0.043056
0 0.410547 0.456250 0.024219 0.029167
0 0.420703 0.431250 0.019531 0.029167
0 0.550391 0.465972 0.025781 0.040278
0 0.609375 0.442361 0.028125 0.034722
0 0.577344 0.405556 0.015625 0.019444
0 0.567969 0.386111 0.015625 0.019444
0 0.467578 0.411111 0.014844 0.019444
0 0.448828 0.394444 0.014844 0.019444
0 0.426172 0.392361 0.017969 0.023611
1 0.451953 0.448611 0.024219 0.044444
1 0.438281 0.377778 0.015625 0.019444
0 0.469531 0.394444 0.014063 0.016667
0 0.460156 0.375000 0.010937 0.016667
0 0.474609 0.384722 0.011719 0.011111
0 0.482422 0.373611 0.011719 0.013889
