1 0.075391 0.750694 0.149219 0.373611
1 0.226562 0.590972 0.067187 0.090278
1 0.332031 0.489583 0.054688 0.079167
1 0.446094 0.472917 0.031250 0.051389
1 0.526172 0.372222 0.014844 0.036111
1 0.433594 0.384028 0.017188 0.026389
0 0.737891 0.586111 0.055469 0.083333
0 0.637109 0.490972 0.032031 0.048611
0 0.552344 0.478472 0.026562 0.045833
0 0.226562 0.771528 0.101562 0.129167
0 0.423438 0.570139 0.043750 0.068056
0 0.358203 0.534722 0.038281 0.047222
0 0.397266 0.480556 0.025781 0.038889
0 0.413281 0.445833 0.020313 0.027778
0 0.462891 0.422222 0.016406 0.025000
0 0.611328 0.441667 0.021094 0.033333
0 0.537109 0.419444 0.016406 0.025000
0 0.586328 0.413889 0.021094 0.025000
0 0.566016 0.389583 0.013281 0.018056
0 0.467578 0.400694 0.014844 0.015278
0 0.479687 0.382639 0.012500 0.020833
0 0.456641 0.379861 0.013281 0.018056
