0 0.790234 0.796528 0.166406 0.326389
1 0.791016 0.797222 0.163281 0.322222
1 0.157031 0.674306 0.107813 0.143056
1 0.301953 0.523611 0.072656 0.086111
0 0.597266 0.625000 0.047656 0.088889
0 0.654297 0.490278 0.039844 0.052778
0 0.595313 0.443750 0.023438 0.037500
0 0.539062 0.429167 0.028125 0.033333
0 0.436328 0.500000 0.036719 0.055556
0 0.398828 0.659722 0.057031 0.088889
0 0.320312 0.598611 0.048438 0.069444
0 0.381250 0.510417 0.035937 0.045833
0 0.402734 0.468750 0.027344 0.040278
0 0.458984 0.436806 0.017969 0.023611
0 0.464844 0.413194 0.015625 0.020833
0 0.438281 0.412500 0.017188 0.025000
0 0.410547 0.410417 0.017969 0.029167
0 0.425391 0.389583 0.014844 0.020833
0 0.451172 0.384722 0.011719 0.019444
0 0.439453 0.377083 0.010156 0.015278
0 0.476172 0.388194 0.013281 0.020833
0 0.529297 0.393056 0.013281 0.022222
0 0.571484 0.395139 0.013281 0.023611
0 0.590234 0.413194 0.016406 0.020833
1 0.524219 0.362500 0.012500 0.025000
