1 0.258984 0.578472 0.096094 0.126389
1 0.633984 0.528472 0.061719 0.120833
1 0.416016 0.398611 0.021094 0.036111
1 0.422266 0.545139 0.044531 0.084722
0 0.351562 0.841667 0.089063 0.138889
0 0.256641 0.709028 0.078906 0.093056
0 0.350781 0.561111 0.043750 0.050000
0 0.555469 0.486111 0.029687 0.047222
0 0.387109 0.495139 0.032031 0.040278
0 0.452734 0.455556 0.021094 0.033333
0 0.400391 0.422222 0.019531 0.030556
0 0.431250 0.424306 0.017188 0.023611
0 0.460938 0.423611 0.015625 0.022222
0 0.448047 0.393056 0.013281 0.019444
0 0.435547 0.381250 0.011719 0.015278
0 0.457422 0.375694 0.010156 0.015278
0 0.471875 0.392361 0.012500 0.023611
0 0.530078 0.397917 0.016406 0.023611
0 0.614844 0.441667 0.025000 0.033333
0 0.569531 0.412500 0.018750 0.025000
0 0.575000 0.393056 0.014063 0.019444
0 0.563672 0.382639 0.013281 0.018056
0 0.743359 0.600000 0.060156 0.083333
