1 0.099219 0.719444 0.196875 0.411111
1 0.251172 0.561806 0.060156 0.081944
1 0.344531 0.479861 0.051562 0.065278
1 0.446484 0.454861 0.025781 0.045833
1 0.527734 0.377778 0.014844 0.025000
0 0.821484 0.684028 0.088281 0.126389
0 0.344922 0.890972 0.097656 0.173611
0 0.272656 0.692361 0.075000 0.104167
0 0.430078 0.535417 0.038281 0.056944
0 0.565625 0.526389 0.039062 0.055556
0 0.667578 0.529167 0.041406 0.066667
0 0.542578 0.438194 0.024219 0.031944
0 0.625781 0.458333 0.028125 0.041667
0 0.595313 0.428472 0.023438 0.031944
0 0.405469 0.469444 0.026562 0.036111
0 0.417969 0.441667 0.020313 0.025000
0 0.421094 0.397222 0.015625 0.022222
0 0.446484 0.400694 0.013281 0.018056
0 0.466406 0.418056 0.014063 0.022222
0 0.468359 0.398611 0.016406 0.016667
0 0.571875 0.395139 0.014063 0.018056
0 0.564844 0.380556 0.014063 0.013889
0 0.457422 0.377778 0.010156 0.019444
0 0.480078 0.378472 0.010156 0.018056
