1 0.166797 0.845139 0.166406 0.256944
1 0.180469 0.579861 0.215625 0.245833
1 0.370312 0.443056 0.031250 0.055556
1 0.312109 0.500694 0.036719 0.070833
1 0.538281 0.402083 0.023438 0.043056
0 0.404687 0.619444 0.048438 0.066667
0 0.349219 0.561111 0.039062 0.058333
0 0.591406 0.584028 0.045312 0.081944
0 0.722266 0.574306 0.052344 0.073611
0 0.644531 0.486806 0.029687 0.037500
0 0.596875 0.425694 0.025000 0.026389
0 0.400000 0.469444 0.025000 0.038889
0 0.447656 0.475000 0.026562 0.036111
0 0.423047 0.440278 0.021094 0.027778
0 0.457813 0.429861 0.020313 0.034722
0 0.430078 0.418056 0.016406 0.022222
0 0.431641 0.384722 0.013281 0.016667
0 0.455469 0.387500 0.012500 0.016667
0 0.470313 0.397917 0.012500 0.015278
0 0.471094 0.384028 0.009375 0.009722
0 0.579688 0.403472 0.015625 0.023611
0 0.563672 0.382639 0.010156 0.015278
0 0.947656 0.896528 0.104688 0.198611
