1 0.093359 0.742361 0.121094 0.165278
1 0.280859 0.550694 0.083594 0.112500
1 0.676562 0.608333 0.085938 0.169444
0 0.290625 0.647222 0.062500 0.077778
0 0.378125 0.736806 0.071875 0.109722
0 0.845703 0.716667 0.092969 0.119444
0 0.569922 0.532639 0.036719 0.062500
0 0.628516 0.459722 0.024219 0.038889
0 0.428516 0.522917 0.039844 0.070833
0 0.366406 0.536806 0.035937 0.059722
0 0.396094 0.483333 0.025000 0.038889
0 0.455078 0.449306 0.022656 0.029167
0 0.432812 0.418056 0.018750 0.022222
0 0.405859 0.413194 0.021094 0.023611
0 0.462891 0.418750 0.016406 0.020833
0 0.533984 0.409028 0.017969 0.026389
0 0.580859 0.427778 0.017969 0.027778
0 0.581250 0.402778 0.017188 0.019444
0 0.566797 0.387500 0.016406 0.022222
0 0.525781 0.384028 0.012500 0.015278
0 0.449219 0.390972 0.014063 0.020833
0 0.474219 0.388889 0.012500 0.016667
