1 0.194922 0.626389 0.077344 0.113889
1 0.317578 0.508333 0.061719 0.083333
1 0.525391 0.365972 0.013281 0.031944
0 0.532422 0.404861 0.016406 0.026389
0 0.577344 0.403472 0.015625 0.023611
0 0.544531 0.447917 0.025000 0.034722
0 0.599609 0.426389 0.019531 0.027778
0 0.611328 0.461111 0.030469 0.036111
0 0.441016 0.482639 0.033594 0.051389
0 0.413281 0.607639 0.046875 0.070833
0 0.340625 0.563194 0.045312 0.056944
0 0.391797 0.495139 0.030469 0.043056
0 0.409375 0.459028 0.025000 0.037500
0 0.461328 0.427778 0.017969 0.025000
0 0.440234 0.406944 0.014844 0.022222
0 0.413672 0.405556 0.017969 0.027778
0 0.429297 0.389583 0.016406 0.023611
0 0.453125 0.384028 0.014063 0.020833
0 0.465234 0.406250 0.013281 0.015278
0 0.683203 0.525000 0.042969 0.058333
0 0.152344 0.911111 0.146875 0.172222
0 0.660547 0.819444 0.080469 0.163889
