1 0.231250 0.613194 0.110937 0.145833
1 0.604297 0.478472 0.047656 0.081944
1 0.413672 0.405556 0.024219 0.033333
0 0.196484 0.804861 0.102344 0.120833
1 0.413672 0.583333 0.052344 0.094444
0 0.332813 0.601389 0.050000 0.075000
0 0.378125 0.517361 0.035937 0.045833
0 0.450000 0.474306 0.025000 0.037500
0 0.839844 0.898611 0.139063 0.194444
0 0.683203 0.528472 0.042969 0.059722
0 0.545312 0.451389 0.023438 0.033333
0 0.394531 0.429861 0.021875 0.031944
0 0.425781 0.429861 0.018750 0.029167
0 0.460547 0.431944 0.017969 0.025000
0 0.443750 0.395833 0.014063 0.022222
0 0.469141 0.400694 0.014844 0.020833
0 0.456641 0.379861 0.013281 0.018056
0 0.432031 0.384028 0.014063 0.018056
0 0.529297 0.390972 0.014844 0.020833
0 0.562109 0.400694 0.013281 0.023611
0 0.598828 0.424306 0.019531 0.026389
0 0.479297 0.377778 0.011719 0.013889
0 0.951562 0.884028 0.096875 0.204167
