1 0.231641 0.742361 0.122656 0.204167
1 0.221094 0.544444 0.173437 0.219444
1 0.324219 0.486806 0.040625 0.062500
1 0.379297 0.436111 0.032031 0.061111
1 0.543750 0.411111 0.025000 0.052778
0 0.644141 0.745833 0.074219 0.141667
0 0.794531 0.658333 0.078125 0.108333
0 0.330078 0.876389 0.096094 0.150000
0 0.051172 0.872917 0.094531 0.154167
0 0.416406 0.580556 0.039062 0.058333
0 0.365625 0.534722 0.040625 0.052778
0 0.407813 0.455556 0.021875 0.030556
0 0.448437 0.461111 0.021875 0.030556
0 0.458594 0.420833 0.021875 0.027778
0 0.470313 0.394444 0.014063 0.016667
0 0.426563 0.429167 0.017188 0.025000
0 0.433984 0.382639 0.013281 0.020833
0 0.456641 0.383333 0.010156 0.013889
0 0.443750 0.369444 0.012500 0.016667
0 0.526563 0.392361 0.012500 0.020833
0 0.569141 0.389583 0.011719 0.018056
0 0.588281 0.413889 0.015625 0.025000
0 0.610938 0.443750 0.020313 0.029167
0 0.675781 0.526389 0.040625 0.050000
