0 0.110937 0.772222 0.104688 0.113889
0 0.358203 0.767361 0.075781 0.118056
0 0.423438 0.544444 0.032813 0.052778
0 0.378125 0.511806 0.032813 0.045833
0 0.412500 0.445833 0.025000 0.027778
0 0.449609 0.448611 0.022656 0.027778
0 0.631250 0.465972 0.023438 0.037500
0 0.726172 0.584028 0.057031 0.070833
0 0.937891 0.844444 0.121094 0.200000
1 0.277734 0.663889 0.092969 0.161111
1 0.249609 0.501389 0.152344 0.163889
1 0.336719 0.467361 0.029687 0.068056
1 0.385156 0.434028 0.029687 0.056944
1 0.553906 0.431944 0.028125 0.058333
0 0.598437 0.429167 0.018750 0.033333
0 0.528906 0.402778 0.017188 0.030556
0 0.431641 0.426389 0.017969 0.025000
0 0.437109 0.411111 0.017969 0.022222
0 0.461328 0.415972 0.019531 0.029167
0 0.436719 0.381250 0.014063 0.018056
0 0.457031 0.380556 0.009375 0.013889
0 0.473828 0.390972 0.011719 0.012500
0 0.475000 0.379861 0.010937 0.009722
0 0.526563 0.375694 0.010937 0.015278
0 0.550391 0.384028 0.011719 0.018056
0 0.573828 0.396528 0.013281 0.023611
