0 0.148828 0.918750 0.135156 0.156944
0 0.165625 0.702083 0.081250 0.090278
0 0.379688 0.698611 0.062500 0.105556
0 0.432031 0.522917 0.031250 0.051389
0 0.387500 0.498611 0.029687 0.047222
0 0.415234 0.438889 0.017969 0.027778
0 0.451953 0.440278 0.017969 0.027778
0 0.651172 0.494444 0.033594 0.050000
0 0.610156 0.443056 0.021875 0.033333
0 0.800000 0.683333 0.079687 0.108333
0 0.433594 0.420833 0.017188 0.025000
0 0.440625 0.405556 0.017188 0.016667
0 0.463672 0.407639 0.019531 0.023611
0 0.533984 0.418056 0.017969 0.030556
0 0.580859 0.404861 0.014844 0.020833
0 0.555859 0.390278 0.013281 0.019444
0 0.528906 0.379167 0.010937 0.016667
1 0.306641 0.614583 0.074219 0.129167
1 0.276172 0.497222 0.121094 0.172222
1 0.350781 0.463889 0.026562 0.050000
1 0.389844 0.422917 0.028125 0.043056
1 0.563281 0.451389 0.034375 0.077778
0 0.438672 0.379167 0.011719 0.016667
0 0.460156 0.378472 0.009375 0.015278
0 0.476172 0.387500 0.011719 0.019444
0 0.481250 0.374306 0.009375 0.009722
