0 0.236328 0.759722 0.094531 0.108333
0 0.406250 0.584722 0.040625 0.066667
0 0.574609 0.515972 0.033594 0.051389
0 0.657813 0.514583 0.037500 0.048611
0 0.782031 0.655556 0.060937 0.091667
0 0.610547 0.439583 0.022656 0.031944
0 0.558594 0.411806 0.014063 0.023611
0 0.580859 0.403472 0.014844 0.020833
0 0.532031 0.399306 0.014063 0.018056
0 0.548438 0.390278 0.014063 0.013889
0 0.444531 0.476389 0.025000 0.036111
0 0.378516 0.517361 0.035156 0.048611
0 0.335156 0.498611 0.032813 0.038889
0 0.429297 0.425694 0.019531 0.026389
0 0.462109 0.426389 0.017969 0.022222
0 0.442578 0.400000 0.013281 0.019444
0 0.467578 0.399306 0.014844 0.020833
0 0.476172 0.379861 0.014844 0.023611
0 0.453516 0.365972 0.008594 0.018056
0 0.460938 0.356944 0.007812 0.013889
0 0.524609 0.375000 0.013281 0.019444
0 0.539453 0.368750 0.008594 0.015278
0 0.558594 0.370833 0.009375 0.019444
1 0.368750 0.425000 0.054688 0.100000
1 0.406250 0.459028 0.031250 0.059722
1 0.220312 0.561111 0.182812 0.244444
