1 0.120313 0.722917 0.239063 0.445833
1 0.787891 0.822917 0.196094 0.337500
1 0.341406 0.448611 0.073438 0.130556
1 0.380469 0.500694 0.043750 0.079167
1 0.384766 0.431944 0.019531 0.044444
1 0.408203 0.401389 0.022656 0.044444
0 0.352734 0.765972 0.077344 0.120833
0 0.326562 0.607639 0.053125 0.070833
0 0.287109 0.554167 0.041406 0.058333
0 0.426953 0.537500 0.033594 0.052778
0 0.414453 0.449306 0.019531 0.026389
0 0.451562 0.453472 0.023438 0.031944
0 0.432422 0.414583 0.016406 0.023611
0 0.460156 0.413889 0.015625 0.022222
0 0.446094 0.400694 0.012500 0.015278
0 0.470313 0.388889 0.014063 0.019444
0 0.448828 0.368056 0.011719 0.011111
0 0.466406 0.368750 0.009375 0.012500
0 0.521875 0.361111 0.009375 0.011111
0 0.534375 0.358333 0.009375 0.011111
0 0.551172 0.358333 0.010156 0.011111
0 0.540625 0.373611 0.010937 0.008333
0 0.545312 0.383333 0.009375 0.016667
0 0.524609 0.376389 0.008594 0.011111
0 0.566406 0.384028 0.009375 0.015278
0 0.581250 0.403472 0.012500 0.020833
0 0.539844 0.420833 0.017188 0.027778
0 0.592187 0.434028 0.020313 0.031944
0 0.634375 0.472917 0.021875 0.034722
0 0.575391 0.559722 0.041406 0.075000
0 0.645703 0.563889 0.039844 0.066667
0 0.749219 0.603472 0.059375 0.093056
