1 0.180859 0.599306 0.217969 0.276389
1 0.359766 0.429167 0.057031 0.108333
1 0.397266 0.466667 0.030469 0.072222
1 0.420312 0.392361 0.017188 0.045833
0 0.176172 0.864583 0.128906 0.159722
0 0.392578 0.629861 0.050781 0.076389
0 0.362891 0.540278 0.039844 0.055556
0 0.320312 0.514583 0.035937 0.043056
0 0.437891 0.490972 0.025781 0.040278
0 0.456250 0.433333 0.017188 0.022222
0 0.705078 0.555556 0.041406 0.058333
0 0.853516 0.907639 0.128906 0.184722
0 0.557422 0.470833 0.025781 0.038889
0 0.627344 0.475000 0.029687 0.041667
0 0.598047 0.426389 0.021094 0.027778
0 0.576172 0.395833 0.013281 0.019444
0 0.553125 0.399306 0.014063 0.020833
0 0.528516 0.389583 0.014844 0.018056
0 0.546875 0.382639 0.012500 0.015278
0 0.465625 0.401389 0.015625 0.019444
0 0.438281 0.403472 0.015625 0.018056
0 0.448828 0.393750 0.013281 0.018056
0 0.473828 0.382639 0.013281 0.018056
0 0.452344 0.366667 0.009375 0.011111
0 0.468750 0.365972 0.007812 0.009722
0 0.524219 0.369444 0.009375 0.011111
0 0.537500 0.365278 0.010937 0.008333
