1 0.071484 0.750694 0.141406 0.354167
1 0.314844 0.479861 0.092188 0.168056
1 0.353125 0.545139 0.059375 0.101389
1 0.608984 0.532639 0.061719 0.131944
1 0.401953 0.411806 0.028906 0.045833
0 0.265234 0.711111 0.080469 0.102778
0 0.239844 0.612500 0.059375 0.072222
0 0.407813 0.600694 0.045312 0.068056
0 0.442188 0.481250 0.025000 0.040278
0 0.404687 0.468056 0.028125 0.036111
0 0.426172 0.425000 0.017969 0.025000
0 0.457031 0.425694 0.018750 0.026389
0 0.465625 0.399306 0.015625 0.023611
0 0.548047 0.459722 0.024219 0.036111
0 0.439453 0.410417 0.016406 0.020833
0 0.443750 0.373611 0.010937 0.016667
0 0.463281 0.372917 0.009375 0.012500
0 0.478516 0.379861 0.010156 0.018056
0 0.532422 0.395833 0.014844 0.025000
0 0.571094 0.407639 0.017188 0.023611
0 0.569141 0.386111 0.014844 0.019444
0 0.539453 0.372917 0.008594 0.012500
0 0.560937 0.375694 0.010937 0.012500
0 0.653906 0.493056 0.032813 0.055556
0 0.741406 0.599306 0.057813 0.076389
