1 0.100391 0.754861 0.196094 0.451389
1 0.331250 0.459028 0.084375 0.143056
1 0.367969 0.520833 0.046875 0.088889
1 0.376563 0.435417 0.023438 0.037500
1 0.408984 0.400694 0.025781 0.048611
1 0.662109 0.633333 0.089844 0.188889
0 0.319141 0.878472 0.116406 0.154167
0 0.835938 0.711111 0.085938 0.119444
0 0.556641 0.497917 0.035156 0.056944
0 0.611719 0.506944 0.029687 0.052778
0 0.615234 0.450694 0.022656 0.031944
0 0.303125 0.650000 0.065625 0.086111
0 0.264062 0.580556 0.053125 0.063889
0 0.417578 0.563889 0.038281 0.069444
0 0.446875 0.465972 0.026562 0.034722
0 0.407031 0.454167 0.021875 0.030556
0 0.459766 0.418056 0.016406 0.022222
0 0.430859 0.418056 0.017969 0.022222
0 0.444141 0.404861 0.013281 0.020833
0 0.469141 0.395139 0.014844 0.023611
0 0.535547 0.406250 0.016406 0.023611
0 0.581250 0.419444 0.017188 0.025000
0 0.574609 0.395833 0.016406 0.025000
0 0.563281 0.378472 0.012500 0.015278
0 0.543359 0.377778 0.013281 0.016667
0 0.524609 0.370833 0.011719 0.013889
0 0.480078 0.375000 0.011719 0.019444
0 0.693750 0.532639 0.042188 0.059722
