1 0.298828 0.482639 0.102344 0.151389
1 0.333984 0.575000 0.061719 0.111111
1 0.581250 0.486111 0.046875 0.094444
1 0.360156 0.452083 0.021875 0.045833
1 0.397266 0.417361 0.028906 0.045833
0 0.221484 0.798611 0.105469 0.136111
0 0.208984 0.652083 0.067969 0.087500
0 0.397656 0.643056 0.050000 0.080556
0 0.435547 0.499306 0.028906 0.034722
0 0.398438 0.479861 0.028125 0.037500
0 0.455469 0.433333 0.020313 0.030556
0 0.422266 0.431944 0.017969 0.022222
0 0.437891 0.413194 0.016406 0.018056
0 0.464844 0.404167 0.018750 0.030556
0 0.539453 0.437500 0.019531 0.033333
0 0.589063 0.418056 0.015625 0.022222
0 0.628516 0.464583 0.028906 0.040278
0 0.529297 0.387500 0.011719 0.022222
0 0.563281 0.398611 0.012500 0.019444
0 0.461719 0.375694 0.010937 0.015278
0 0.441016 0.375694 0.014844 0.020833
0 0.687891 0.538889 0.038281 0.058333
0 0.948047 0.884028 0.103906 0.195833
