1 0.134766 0.657639 0.264844 0.354167
1 0.351953 0.439583 0.066406 0.120833
1 0.392188 0.483333 0.039062 0.069444
1 0.413672 0.395833 0.024219 0.041667
0 0.861328 0.732639 0.102344 0.156944
0 0.707031 0.676389 0.064062 0.108333
0 0.615625 0.690972 0.070312 0.129167
0 0.376172 0.683333 0.063281 0.097222
0 0.346875 0.565972 0.048438 0.054167
0 0.305469 0.529861 0.039062 0.056944
0 0.436328 0.515278 0.032031 0.047222
0 0.451953 0.439583 0.025781 0.029167
0 0.546484 0.441667 0.025781 0.036111
0 0.662109 0.504167 0.027344 0.050000
0 0.606641 0.452778 0.032031 0.036111
0 0.585938 0.417361 0.021875 0.031944
0 0.463281 0.408333 0.017188 0.022222
0 0.435937 0.407639 0.015625 0.020833
0 0.472266 0.386806 0.014844 0.020833
0 0.451172 0.387500 0.014844 0.019444
0 0.450391 0.368750 0.011719 0.018056
0 0.528125 0.381250 0.010937 0.020833
0 0.548828 0.390278 0.010156 0.016667
0 0.571484 0.388889 0.010156 0.016667
0 0.543359 0.378472 0.010156 0.015278
0 0.553906 0.364583 0.009375 0.015278
0 0.102344 0.956944 0.145313 0.086111
