1 0.253125 0.534722 0.145313 0.205556
1 0.376953 0.415972 0.050781 0.095833
1 0.409375 0.447917 0.028125 0.054167
1 0.426172 0.386111 0.019531 0.033333
0 0.276172 0.695139 0.072656 0.095833
0 0.416797 0.556944 0.038281 0.061111
0 0.599219 0.588889 0.042188 0.080556
0 0.701953 0.563194 0.052344 0.070833
0 0.931641 0.831250 0.107031 0.159722
0 0.389062 0.497917 0.032813 0.040278
0 0.345703 0.486806 0.030469 0.034722
0 0.446875 0.463194 0.021875 0.034722
0 0.464453 0.418750 0.019531 0.020833
0 0.432812 0.420139 0.017188 0.023611
0 0.442969 0.396528 0.014063 0.023611
0 0.451562 0.386111 0.009375 0.019444
0 0.457813 0.377778 0.010937 0.019444
0 0.469531 0.394444 0.012500 0.016667
0 0.477344 0.377083 0.012500 0.018056
0 0.526563 0.379861 0.010937 0.018056
0 0.540625 0.372222 0.012500 0.025000
0 0.559375 0.374306 0.010937 0.018056
0 0.533984 0.404861 0.014844 0.023611
0 0.556250 0.400694 0.014063 0.020833
0 0.566406 0.426389 0.017188 0.027778
0 0.588672 0.413889 0.014844 0.025000
0 0.624219 0.456944 0.028125 0.038889
