1 0.136719 0.700000 0.098437 0.138889
1 0.239453 0.730556 0.108594 0.152778
1 0.353516 0.442361 0.060156 0.109722
1 0.411328 0.389583 0.033594 0.068056
0 0.625000 0.695139 0.060937 0.115278
0 0.645312 0.578472 0.048438 0.065278
0 0.718750 0.576389 0.045312 0.069444
0 0.387500 0.632639 0.056250 0.079167
0 0.339062 0.579167 0.043750 0.063889
0 0.287891 0.558333 0.052344 0.061111
0 0.421875 0.561806 0.035937 0.054167
0 0.384766 0.508333 0.035156 0.044444
0 0.449609 0.443056 0.025781 0.027778
0 0.544922 0.452778 0.025781 0.038889
0 0.564453 0.422917 0.019531 0.029167
0 0.591406 0.417361 0.017188 0.031944
0 0.426172 0.432639 0.019531 0.029167
0 0.464844 0.413194 0.014063 0.020833
0 0.472656 0.391667 0.012500 0.019444
0 0.453516 0.378472 0.011719 0.015278
0 0.439844 0.370833 0.010937 0.022222
0 0.478516 0.374306 0.011719 0.012500
0 0.483984 0.363889 0.010156 0.016667
0 0.466406 0.368056 0.009375 0.013889
0 0.527734 0.397222 0.011719 0.016667
0 0.523828 0.381944 0.013281 0.016667
0 0.546875 0.385417 0.010937 0.015278
0 0.560156 0.376389 0.009375 0.013889
