0 0.082031 0.779861 0.103125 0.115278
0 0.418750 0.540278 0.034375 0.055556
0 0.595703 0.603472 0.042969 0.084722
0 0.598828 0.493750 0.027344 0.051389
0 0.636328 0.475694 0.028906 0.045833
0 0.382812 0.507639 0.026562 0.048611
0 0.335938 0.500694 0.034375 0.048611
0 0.439844 0.489583 0.028125 0.043056
0 0.406250 0.463194 0.023438 0.031944
0 0.540625 0.438889 0.023438 0.036111
0 0.436719 0.414583 0.015625 0.023611
0 0.463281 0.415972 0.017188 0.023611
0 0.533203 0.409028 0.017969 0.020833
0 0.560156 0.414583 0.014063 0.026389
0 0.575391 0.392361 0.014844 0.020833
0 0.547266 0.388889 0.011719 0.016667
0 0.525000 0.381944 0.012500 0.016667
0 0.470313 0.397222 0.014063 0.019444
0 0.478125 0.384028 0.012500 0.015278
1 0.378516 0.418056 0.047656 0.083333
1 0.422266 0.377778 0.030469 0.052778
1 0.262109 0.566667 0.061719 0.083333
1 0.331641 0.582639 0.057031 0.090278
0 0.458203 0.372222 0.010156 0.013889
