1 0.279687 0.510417 0.117188 0.170833
1 0.383203 0.410417 0.044531 0.087500
1 0.416406 0.434722 0.029687 0.047222
1 0.428906 0.384722 0.020313 0.033333
0 0.085156 0.781944 0.129688 0.125000
0 0.151172 0.902083 0.133594 0.148611
0 0.337109 0.877778 0.094531 0.155556
0 0.665625 0.767361 0.085938 0.148611
0 0.780859 0.665278 0.075781 0.111111
0 0.646094 0.482639 0.034375 0.051389
0 0.576953 0.445139 0.017969 0.029167
0 0.538281 0.426389 0.020313 0.027778
0 0.423828 0.522917 0.033594 0.051389
0 0.305469 0.641667 0.064062 0.072222
0 0.396875 0.481944 0.029687 0.036111
0 0.356641 0.472222 0.028906 0.033333
0 0.450781 0.452083 0.020313 0.029167
0 0.597266 0.426389 0.016406 0.025000
0 0.561328 0.412500 0.016406 0.022222
0 0.466797 0.414583 0.016406 0.020833
0 0.445703 0.391667 0.010156 0.016667
0 0.455078 0.385417 0.008594 0.012500
0 0.470313 0.387500 0.009375 0.013889
0 0.528125 0.386111 0.012500 0.016667
0 0.544141 0.379167 0.010156 0.013889
0 0.564844 0.377778 0.010937 0.013889
0 0.477734 0.374306 0.010156 0.018056
