1 0.192969 0.640972 0.085938 0.120833
1 0.279687 0.664583 0.081250 0.129167
1 0.364063 0.434028 0.057813 0.104167
1 0.414844 0.386806 0.031250 0.062500
1 0.441797 0.403472 0.019531 0.034722
0 0.717187 0.704861 0.071875 0.109722
0 0.798438 0.672222 0.070312 0.100000
0 0.555078 0.484722 0.027344 0.050000
0 0.571875 0.439583 0.021875 0.029167
0 0.601172 0.433333 0.021094 0.033333
0 0.400000 0.590972 0.043750 0.062500
0 0.355859 0.548611 0.035156 0.055556
0 0.307031 0.536111 0.043750 0.052778
0 0.428125 0.536111 0.031250 0.047222
0 0.393750 0.489583 0.029687 0.034722
0 0.457422 0.433333 0.016406 0.027778
0 0.432031 0.427778 0.017188 0.022222
0 0.466797 0.407639 0.013281 0.020833
0 0.475391 0.388889 0.011719 0.019444
0 0.532031 0.410417 0.017188 0.026389
0 0.525781 0.389583 0.014063 0.023611
0 0.551172 0.391667 0.013281 0.019444
0 0.564063 0.379861 0.010937 0.020833
0 0.543750 0.377083 0.010937 0.015278
