0 0.283594 0.914583 0.125000 0.156944
0 0.262109 0.705556 0.072656 0.100000
0 0.386328 0.684722 0.060156 0.094444
0 0.195703 0.654861 0.072656 0.084722
0 0.348438 0.570833 0.043750 0.055556
0 0.438281 0.482639 0.025000 0.040278
0 0.412109 0.462500 0.021094 0.036111
0 0.552344 0.473611 0.023438 0.036111
0 0.614453 0.516667 0.033594 0.050000
0 0.716797 0.570833 0.053906 0.077778
0 0.578906 0.448611 0.020313 0.030556
0 0.623828 0.460417 0.021094 0.037500
0 0.457422 0.434722 0.019531 0.025000
0 0.373828 0.452778 0.025781 0.033333
0 0.533594 0.403472 0.015625 0.023611
0 0.549219 0.391667 0.015625 0.016667
0 0.571875 0.393750 0.015625 0.018056
0 0.469141 0.404861 0.011719 0.020833
0 0.448828 0.388889 0.013281 0.016667
0 0.473828 0.382639 0.011719 0.015278
1 0.396875 0.399306 0.043750 0.076389
1 0.426563 0.422222 0.025000 0.044444
1 0.434766 0.378472 0.013281 0.029167
0 0.480859 0.371528 0.011719 0.015278
0 0.552344 0.363889 0.009375 0.013889
0 0.523438 0.379861 0.012500 0.012500
1 0.317578 0.472917 0.092969 0.140278
