0 0.363672 0.765278 0.075781 0.111111
0 0.213281 0.793056 0.098437 0.119444
0 0.148438 0.723611 0.098437 0.102778
0 0.329297 0.602083 0.053906 0.062500
0 0.430078 0.505556 0.035156 0.047222
0 0.927734 0.848611 0.139844 0.213889
0 0.673438 0.518056 0.037500 0.058333
0 0.590625 0.472917 0.025000 0.040278
0 0.544531 0.443750 0.020313 0.029167
0 0.568359 0.426389 0.019531 0.025000
0 0.609766 0.441667 0.019531 0.025000
0 0.405859 0.472222 0.025781 0.033333
0 0.363672 0.459722 0.025781 0.030556
0 0.455078 0.442361 0.019531 0.026389
0 0.439453 0.410417 0.013281 0.020833
0 0.468750 0.409722 0.014063 0.019444
0 0.447656 0.390972 0.009375 0.015278
0 0.473047 0.387500 0.010156 0.013889
0 0.480078 0.372222 0.011719 0.016667
0 0.458203 0.382639 0.007031 0.015278
0 0.530469 0.394444 0.014063 0.022222
0 0.545703 0.382639 0.013281 0.018056
0 0.566406 0.383333 0.010937 0.016667
1 0.300000 0.494444 0.093750 0.169444
1 0.391406 0.411111 0.043750 0.086111
1 0.421875 0.429861 0.028125 0.051389
1 0.430859 0.379861 0.014844 0.031944
