1 0.075000 0.775000 0.140625 0.183333
1 0.198828 0.829861 0.111719 0.218056
1 0.343359 0.446528 0.069531 0.123611
1 0.405469 0.391667 0.035937 0.088889
1 0.434375 0.409028 0.021875 0.037500
1 0.439453 0.371528 0.017969 0.029167
0 0.725781 0.721528 0.068750 0.123611
0 0.924219 0.814583 0.126562 0.198611
0 0.586719 0.575694 0.037500 0.070833
0 0.612891 0.513889 0.033594 0.050000
0 0.675000 0.521528 0.035937 0.056944
0 0.369922 0.684722 0.064844 0.088889
0 0.411328 0.595833 0.042969 0.066667
0 0.319141 0.608333 0.052344 0.072222
0 0.264453 0.583333 0.055469 0.063889
0 0.371875 0.518056 0.029687 0.041667
0 0.445703 0.455556 0.021094 0.027778
0 0.539844 0.434722 0.018750 0.033333
0 0.558594 0.409028 0.014063 0.020833
0 0.582812 0.406250 0.015625 0.026389
0 0.461719 0.417361 0.014063 0.020833
0 0.472266 0.396528 0.013281 0.020833
0 0.525781 0.390278 0.012500 0.019444
0 0.543359 0.378472 0.011719 0.018056
