1 0.307031 0.613194 0.070312 0.115278
1 0.231641 0.604861 0.072656 0.118056
1 0.369922 0.427778 0.055469 0.105556
1 0.419922 0.384722 0.032031 0.058333
1 0.442969 0.397917 0.012500 0.037500
0 0.940234 0.846528 0.116406 0.173611
0 0.571094 0.527778 0.035937 0.063889
0 0.580859 0.459028 0.022656 0.040278
0 0.614453 0.448611 0.019531 0.030556
0 0.408984 0.563194 0.039844 0.056944
0 0.367188 0.524306 0.031250 0.048611
0 0.320703 0.516667 0.036719 0.047222
0 0.433594 0.510417 0.026562 0.037500
0 0.402344 0.479167 0.023438 0.033333
0 0.533594 0.419444 0.015625 0.025000
0 0.528516 0.397917 0.014844 0.018056
0 0.554297 0.402083 0.013281 0.020833
0 0.546484 0.384028 0.011719 0.018056
0 0.568750 0.386111 0.012500 0.019444
0 0.460938 0.424306 0.017188 0.023611
0 0.434766 0.419444 0.017969 0.019444
0 0.467187 0.401389 0.014063 0.016667
0 0.476172 0.385417 0.011719 0.018056
