1 0.330469 0.461111 0.078125 0.130556
1 0.401562 0.395833 0.040625 0.075000
1 0.430078 0.416667 0.022656 0.041667
1 0.437500 0.375694 0.015625 0.029167
0 0.335156 0.776389 0.089063 0.122222
0 0.402734 0.639583 0.052344 0.087500
0 0.292969 0.654167 0.059375 0.075000
0 0.233594 0.617361 0.062500 0.070833
0 0.362500 0.545833 0.039062 0.055556
0 0.563281 0.506944 0.029687 0.044444
0 0.590234 0.470833 0.027344 0.036111
0 0.643359 0.486111 0.028906 0.044444
0 0.649219 0.579167 0.042188 0.072222
0 0.783203 0.645139 0.074219 0.101389
0 0.442578 0.467361 0.024219 0.031944
0 0.416406 0.450694 0.020313 0.029167
0 0.459375 0.426389 0.017188 0.022222
0 0.536719 0.416667 0.017188 0.025000
0 0.552734 0.399306 0.014844 0.018056
0 0.576953 0.400000 0.016406 0.022222
0 0.470703 0.400694 0.016406 0.018056
0 0.475391 0.381250 0.014844 0.018056
0 0.481641 0.366667 0.011719 0.016667
0 0.525000 0.382639 0.012500 0.015278
0 0.540625 0.375000 0.009375 0.013889
0 0.555078 0.368750 0.010156 0.018056
