1 0.055859 0.844444 0.110156 0.144444
0 0.056250 0.847222 0.107813 0.150000
0 0.234766 0.752083 0.096094 0.145833
0 0.223047 0.609722 0.061719 0.072222
0 0.389844 0.663889 0.059375 0.097222
0 0.749609 0.750000 0.091406 0.141667
0 0.760156 0.625694 0.068750 0.084722
0 0.569141 0.529861 0.036719 0.062500
1 0.320703 0.500694 0.042969 0.068056
0 0.371094 0.510417 0.042188 0.065278
0 0.436719 0.485417 0.029687 0.040278
0 0.404297 0.464583 0.027344 0.037500
0 0.364844 0.462500 0.026562 0.036111
0 0.550000 0.468056 0.026562 0.038889
0 0.591406 0.470833 0.026562 0.038889
0 0.598437 0.423611 0.020313 0.030556
0 0.562891 0.421528 0.019531 0.029167
0 0.530859 0.405556 0.014844 0.025000
0 0.579688 0.400000 0.014063 0.019444
0 0.453906 0.451389 0.021875 0.030556
0 0.424219 0.436111 0.021875 0.027778
1 0.394922 0.401389 0.039844 0.072222
1 0.429688 0.370833 0.025000 0.050000
1 0.452344 0.384028 0.015625 0.029167
0 0.443359 0.404861 0.014844 0.018056
0 0.469531 0.402778 0.014063 0.016667
0 0.474219 0.387500 0.010937 0.013889
0 0.526563 0.381250 0.014063 0.018056
0 0.562891 0.381250 0.010156 0.018056
