0 0.178516 0.680556 0.082031 0.086111
0 0.364453 0.758333 0.077344 0.111111
0 0.299609 0.627778 0.060156 0.086111
0 0.414453 0.579861 0.042969 0.070833
0 0.277734 0.552778 0.042969 0.050000
0 0.641016 0.762500 0.072656 0.141667
0 0.576953 0.561806 0.042969 0.068056
0 0.644141 0.563889 0.042969 0.069444
0 0.629687 0.458333 0.025000 0.036111
0 0.443750 0.461806 0.021875 0.037500
0 0.416016 0.446528 0.019531 0.029167
0 0.380859 0.443750 0.022656 0.026389
0 0.432812 0.422222 0.018750 0.022222
0 0.460547 0.430556 0.017969 0.025000
0 0.539453 0.436111 0.017969 0.027778
0 0.583984 0.458333 0.022656 0.033333
0 0.595313 0.420139 0.015625 0.023611
0 0.530078 0.395833 0.014844 0.019444
0 0.571875 0.391667 0.012500 0.019444
0 0.543750 0.380556 0.012500 0.019444
0 0.447656 0.395139 0.012500 0.018056
0 0.474219 0.393750 0.012500 0.015278
1 0.346094 0.475000 0.034375 0.052778
1 0.391016 0.481944 0.033594 0.050000
1 0.405469 0.394444 0.034375 0.063889
1 0.435547 0.366667 0.021094 0.041667
1 0.455078 0.380556 0.011719 0.025000
