1 0.545703 0.375000 0.014844 0.027778
1 0.420703 0.381250 0.027344 0.054167
1 0.445312 0.359722 0.017188 0.041667
1 0.461719 0.370833 0.012500 0.022222
1 0.380078 0.438194 0.025781 0.037500
1 0.416406 0.441667 0.025000 0.041667
2 0.405859 0.510417 0.013281 0.054167
0 0.478125 0.381250 0.010937 0.015278
0 0.469141 0.404861 0.013281 0.018056
0 0.444141 0.402083 0.013281 0.018056
0 0.431641 0.417361 0.013281 0.018056
0 0.453516 0.425694 0.014844 0.020833
0 0.399609 0.418750 0.014844 0.020833
0 0.559375 0.411111 0.015625 0.025000
0 0.589844 0.411111 0.015625 0.025000
0 0.606641 0.433333 0.019531 0.033333
0 0.551172 0.468056 0.025781 0.041667
0 0.664453 0.508333 0.030469 0.044444
0 0.530469 0.395139 0.012500 0.020833
0 0.599609 0.645833 0.049219 0.083333
0 0.754687 0.745833 0.087500 0.130556
0 0.821094 0.683333 0.087500 0.113889
0 0.120703 0.746528 0.110156 0.106944
0 0.284766 0.661111 0.064844 0.080556
0 0.384766 0.716667 0.063281 0.094444
0 0.294922 0.544444 0.044531 0.050000
0 0.364063 0.515972 0.034375 0.051389
0 0.421484 0.560417 0.039844 0.054167
0 0.442188 0.490972 0.026562 0.040278
0 0.341406 0.482639 0.026562 0.034722
