0 0.201953 0.813194 0.100781 0.126389
0 0.249609 0.596528 0.060156 0.068056
0 0.686328 0.900000 0.117969 0.197222
0 0.841406 0.888194 0.135937 0.215278
0 0.401172 0.631944 0.052344 0.080556
0 0.338281 0.563194 0.043750 0.068056
0 0.314453 0.513194 0.033594 0.040278
0 0.430078 0.524306 0.035156 0.043056
0 0.554688 0.494444 0.026562 0.044444
0 0.626172 0.531944 0.038281 0.058333
0 0.683594 0.523611 0.040625 0.061111
0 0.537109 0.422222 0.017969 0.027778
0 0.619531 0.452083 0.021875 0.031944
0 0.584766 0.409722 0.014844 0.022222
0 0.550781 0.394444 0.012500 0.022222
0 0.574609 0.395139 0.011719 0.015278
0 0.449219 0.440972 0.017188 0.026389
0 0.424219 0.431250 0.015625 0.023611
0 0.391797 0.431944 0.021094 0.022222
0 0.439453 0.411111 0.013281 0.022222
0 0.466016 0.415278 0.014844 0.019444
1 0.365625 0.454167 0.028125 0.047222
1 0.413281 0.384028 0.031250 0.056944
1 0.440234 0.363889 0.017969 0.041667
1 0.457813 0.374306 0.014063 0.026389
2 0.376172 0.576389 0.017969 0.061111
