0 0.188672 0.669444 0.082031 0.088889
0 0.311719 0.615278 0.053125 0.066667
0 0.401172 0.651389 0.049219 0.080556
0 0.679297 0.904167 0.094531 0.186111
0 0.706250 0.559028 0.042188 0.059722
0 0.564063 0.510417 0.034375 0.054167
0 0.622266 0.455556 0.024219 0.036111
0 0.429688 0.536806 0.037500 0.051389
0 0.312500 0.524306 0.039062 0.045833
0 0.375391 0.498611 0.032031 0.047222
0 0.445703 0.477778 0.024219 0.036111
0 0.354297 0.470139 0.024219 0.031944
0 0.566406 0.425694 0.017188 0.029167
0 0.599609 0.427778 0.019531 0.027778
0 0.533203 0.406250 0.016406 0.026389
0 0.456250 0.419444 0.017188 0.022222
0 0.434375 0.412500 0.017188 0.022222
0 0.406250 0.412500 0.017188 0.022222
0 0.447656 0.395833 0.017188 0.022222
0 0.471094 0.398611 0.017188 0.022222
1 0.423828 0.377778 0.027344 0.050000
1 0.448437 0.355556 0.017188 0.030556
1 0.462891 0.370139 0.011719 0.020833
1 0.386328 0.431250 0.024219 0.034722
1 0.420312 0.436111 0.021875 0.033333
1 0.548438 0.381250 0.014063 0.026389
2 0.416406 0.484028 0.014063 0.043056
