2 0.393359 0.536806 0.017969 0.065278
0 0.251953 0.719444 0.078906 0.102778
0 0.360547 0.808333 0.082031 0.133333
0 0.275391 0.568750 0.049219 0.056944
0 0.052344 0.861111 0.103125 0.158333
0 0.412891 0.590278 0.047656 0.063889
0 0.571875 0.551389 0.032813 0.058333
0 0.673047 0.611111 0.052344 0.086111
0 0.736328 0.584028 0.055469 0.073611
0 0.640234 0.477778 0.021094 0.038889
0 0.541406 0.442361 0.023438 0.034722
0 0.593750 0.423611 0.018750 0.033333
0 0.437109 0.508333 0.030469 0.044444
0 0.353125 0.533333 0.039062 0.058333
0 0.331250 0.495139 0.029687 0.037500
0 0.451562 0.434028 0.017188 0.026389
0 0.398047 0.423611 0.017969 0.025000
0 0.425781 0.420139 0.017188 0.026389
0 0.441797 0.406250 0.013281 0.020833
0 0.468359 0.407639 0.013281 0.020833
0 0.454297 0.385417 0.013281 0.020833
0 0.476953 0.382639 0.013281 0.020833
0 0.529297 0.385417 0.013281 0.020833
0 0.555078 0.400694 0.013281 0.020833
0 0.581641 0.400694 0.013281 0.020833
1 0.372656 0.443750 0.026562 0.040278
1 0.412109 0.452083 0.027344 0.040278
1 0.417187 0.382639 0.029687 0.056944
1 0.443750 0.361111 0.017188 0.038889
