2 0.248438 0.861806 0.045312 0.154167
0 0.332813 0.864583 0.100000 0.159722
0 0.125781 0.745139 0.106250 0.109722
0 0.273438 0.678472 0.073438 0.112500
0 0.402734 0.611806 0.047656 0.084722
0 0.254297 0.575694 0.046094 0.059722
0 0.888281 0.792361 0.115625 0.148611
0 0.593359 0.611111 0.047656 0.086111
0 0.560156 0.506250 0.032813 0.051389
0 0.612891 0.510417 0.032031 0.054167
0 0.439844 0.471528 0.021875 0.034722
0 0.411328 0.454861 0.022656 0.031944
0 0.373047 0.451389 0.025781 0.027778
0 0.428906 0.429167 0.020313 0.025000
0 0.457422 0.440278 0.019531 0.027778
0 0.534766 0.419444 0.016406 0.027778
0 0.572266 0.437500 0.019531 0.027778
0 0.612500 0.438889 0.021875 0.030556
0 0.586719 0.409028 0.014063 0.020833
0 0.471094 0.397222 0.014063 0.016667
0 0.445703 0.398611 0.014844 0.019444
0 0.528125 0.389583 0.014063 0.018056
0 0.541406 0.375000 0.009375 0.016667
0 0.566797 0.386806 0.011719 0.018056
0 0.476172 0.384028 0.011719 0.012500
1 0.335547 0.485417 0.038281 0.056944
1 0.382812 0.493750 0.035937 0.054167
1 0.400391 0.397222 0.036719 0.066667
1 0.433594 0.367361 0.023438 0.048611
1 0.453516 0.380556 0.013281 0.027778
