1 0.408984 0.391667 0.033594 0.066667
1 0.437109 0.363194 0.021094 0.043056
1 0.457031 0.377778 0.014063 0.027778
1 0.357422 0.461806 0.030469 0.045833
1 0.398438 0.470139 0.031250 0.051389
2 0.352344 0.631250 0.023438 0.079167
0 0.133203 0.926389 0.138281 0.147222
0 0.219922 0.629861 0.067969 0.073611
0 0.386719 0.680556 0.062500 0.088889
0 0.320312 0.590972 0.053125 0.079167
0 0.298438 0.530556 0.037500 0.047222
0 0.424219 0.549306 0.039062 0.054167
0 0.446484 0.451389 0.019531 0.030556
0 0.419141 0.436806 0.019531 0.029167
0 0.387891 0.435417 0.019531 0.029167
0 0.462500 0.423611 0.017188 0.025000
0 0.435937 0.415278 0.017188 0.025000
0 0.532813 0.409028 0.017188 0.026389
0 0.578906 0.399306 0.017188 0.026389
0 0.606250 0.432639 0.017188 0.031944
0 0.545703 0.462500 0.021094 0.036111
0 0.601172 0.490278 0.030469 0.044444
0 0.546484 0.386806 0.013281 0.018056
0 0.651563 0.486111 0.032813 0.050000
0 0.610938 0.671528 0.062500 0.101389
0 0.706641 0.668056 0.067969 0.108333
