0 0.178516 0.865972 0.128906 0.184722
0 0.371094 0.726389 0.073438 0.113889
0 0.189062 0.655556 0.073438 0.113889
1 0.305469 0.515972 0.051562 0.079167
1 0.361719 0.534028 0.051562 0.079167
0 0.430859 0.495833 0.028906 0.041667
0 0.399609 0.477778 0.028906 0.041667
0 0.356641 0.473611 0.028906 0.041667
0 0.418359 0.443056 0.025781 0.030556
0 0.449609 0.463194 0.024219 0.034722
0 0.668359 0.614583 0.052344 0.079167
0 0.701562 0.552778 0.043750 0.063889
0 0.555078 0.487500 0.024219 0.044444
0 0.541016 0.440972 0.022656 0.034722
0 0.578516 0.446528 0.022656 0.034722
0 0.589063 0.410417 0.018750 0.026389
0 0.557422 0.409028 0.016406 0.020833
0 0.529297 0.397222 0.014844 0.022222
0 0.575000 0.391667 0.014063 0.019444
0 0.467969 0.406944 0.015625 0.019444
0 0.441797 0.405556 0.016406 0.019444
1 0.389844 0.406944 0.042188 0.077778
1 0.427734 0.372917 0.024219 0.054167
1 0.450391 0.386806 0.014844 0.029167
