0 0.343359 0.835417 0.088281 0.151389
0 0.143359 0.709028 0.078906 0.095833
0 0.640234 0.750694 0.071094 0.154167
0 0.623047 0.538194 0.038281 0.062500
0 0.659375 0.504167 0.031250 0.052778
0 0.543750 0.455556 0.021875 0.033333
0 0.567969 0.427778 0.017188 0.025000
0 0.536719 0.424306 0.018750 0.026389
0 0.581250 0.401389 0.017188 0.025000
0 0.551953 0.397222 0.014844 0.022222
0 0.526563 0.388194 0.012500 0.018056
0 0.425000 0.515278 0.028125 0.041667
0 0.347656 0.484028 0.029687 0.037500
0 0.391797 0.492361 0.027344 0.043056
0 0.446875 0.477778 0.021875 0.033333
0 0.413281 0.452083 0.021875 0.026389
0 0.465625 0.411111 0.015625 0.022222
0 0.437891 0.409722 0.016406 0.019444
0 0.470313 0.390972 0.010937 0.018056
1 0.284375 0.543056 0.053125 0.077778
1 0.347656 0.554167 0.050000 0.080556
1 0.384375 0.414583 0.045312 0.081944
1 0.427344 0.374306 0.031250 0.051389
