0 0.140234 0.728472 0.096094 0.098611
0 0.250000 0.738194 0.082812 0.095833
0 0.383203 0.724306 0.069531 0.104167
0 0.605469 0.633333 0.051562 0.091667
0 0.753906 0.755556 0.089063 0.147222
0 0.848047 0.716667 0.086719 0.119444
0 0.412891 0.561806 0.046094 0.062500
0 0.329297 0.577083 0.050781 0.059722
0 0.442969 0.490972 0.028125 0.040278
0 0.392188 0.482639 0.028125 0.037500
0 0.342578 0.490278 0.035156 0.038889
0 0.378125 0.449306 0.023438 0.031944
0 0.419922 0.433333 0.021094 0.033333
0 0.455078 0.448611 0.021094 0.033333
0 0.465234 0.418056 0.019531 0.019444
0 0.395703 0.420833 0.014844 0.022222
0 0.539844 0.449306 0.023438 0.034722
0 0.531641 0.410417 0.016406 0.023611
0 0.569922 0.425694 0.016406 0.026389
0 0.585547 0.406944 0.013281 0.022222
1 0.437500 0.403472 0.018750 0.029167
1 0.412500 0.400694 0.017188 0.029167
1 0.439844 0.363194 0.020313 0.043056
1 0.460156 0.348611 0.015625 0.033333
2 0.455078 0.409028 0.005469 0.020833
0 0.470703 0.388194 0.011719 0.018056
0 0.458594 0.381250 0.010937 0.018056
0 0.480078 0.377778 0.010156 0.016667
