0 0.245703 0.704861 0.085156 0.093056
0 0.366797 0.709722 0.067969 0.108333
0 0.721094 0.572222 0.048438 0.077778
0 0.603906 0.491667 0.025000 0.044444
0 0.652344 0.488194 0.031250 0.045833
0 0.547656 0.455556 0.020313 0.036111
0 0.426563 0.545833 0.032813 0.050000
0 0.359375 0.531944 0.037500 0.044444
0 0.290234 0.548611 0.046094 0.055556
0 0.350781 0.477778 0.032813 0.036111
0 0.444922 0.482639 0.025781 0.040278
0 0.400391 0.459028 0.024219 0.040278
0 0.376563 0.440972 0.017188 0.029167
0 0.454297 0.444444 0.016406 0.025000
0 0.463672 0.401389 0.014844 0.019444
0 0.441797 0.400000 0.014844 0.016667
0 0.417187 0.402083 0.015625 0.018056
0 0.526953 0.400000 0.014844 0.022222
0 0.526563 0.379861 0.014063 0.018056
0 0.477344 0.386111 0.012500 0.016667
1 0.432422 0.368750 0.022656 0.045833
1 0.454688 0.350694 0.014063 0.031944
1 0.563281 0.404861 0.018750 0.037500
1 0.400391 0.413194 0.017969 0.029167
1 0.430078 0.418056 0.017969 0.030556
2 0.438672 0.440972 0.008594 0.029167
