1 0.752344 0.703472 0.103125 0.193056
1 0.447266 0.357639 0.017969 0.034722
1 0.465625 0.344444 0.015625 0.030556
1 0.425781 0.386806 0.015625 0.023611
1 0.447266 0.389583 0.016406 0.020833
0 0.531641 0.415278 0.014844 0.025000
0 0.564453 0.415278 0.014844 0.025000
0 0.549609 0.387500 0.010156 0.016667
0 0.574219 0.393750 0.010937 0.018056
0 0.526172 0.384722 0.011719 0.016667
0 0.470703 0.399306 0.013281 0.015278
0 0.464844 0.420833 0.020313 0.022222
0 0.437891 0.410417 0.016406 0.020833
0 0.412891 0.404861 0.011719 0.015278
0 0.401172 0.420139 0.017969 0.023611
0 0.419141 0.441667 0.019531 0.025000
0 0.379297 0.445833 0.022656 0.027778
0 0.439844 0.481944 0.026562 0.038889
0 0.382422 0.494444 0.032031 0.038889
0 0.433203 0.534028 0.033594 0.045833
0 0.354297 0.558333 0.042969 0.047222
0 0.298047 0.541667 0.042969 0.050000
0 0.641797 0.788194 0.082031 0.145833
0 0.561719 0.524306 0.031250 0.054167
0 0.638281 0.541667 0.040625 0.055556
0 0.640625 0.476389 0.028125 0.044444
0 0.261328 0.718750 0.078906 0.115278
0 0.077734 0.819444 0.128906 0.141667
