2 0.432422 0.452083 0.013281 0.034722
1 0.396094 0.420139 0.021875 0.034722
1 0.428125 0.423611 0.021875 0.033333
1 0.430078 0.374306 0.025781 0.048611
1 0.451953 0.352083 0.014844 0.031944
1 0.557422 0.395139 0.016406 0.031944
0 0.460938 0.407639 0.015625 0.020833
0 0.451172 0.391667 0.013281 0.019444
0 0.475391 0.390972 0.011719 0.018056
0 0.525391 0.391667 0.013281 0.019444
0 0.541797 0.435417 0.017969 0.031944
0 0.587891 0.463889 0.024219 0.036111
0 0.441016 0.497222 0.030469 0.038889
0 0.452734 0.456250 0.021094 0.031944
0 0.396094 0.471528 0.028125 0.040278
0 0.372266 0.452083 0.019531 0.029167
0 0.341016 0.490278 0.032031 0.038889
0 0.630469 0.463194 0.023438 0.034722
0 0.675781 0.519444 0.035937 0.058333
0 0.631641 0.709028 0.069531 0.131944
0 0.421875 0.571528 0.037500 0.059722
0 0.348047 0.552778 0.041406 0.050000
0 0.266016 0.575000 0.053906 0.058333
0 0.202734 0.772222 0.103906 0.111111
0 0.335547 0.804861 0.088281 0.140278
0 0.906250 0.796528 0.107813 0.140278
