2 0.424219 0.466667 0.014063 0.047222
0 0.134375 0.885417 0.142187 0.151389
0 0.232031 0.618056 0.067187 0.077778
0 0.330078 0.582639 0.046094 0.059722
0 0.412109 0.609028 0.044531 0.068056
0 0.583984 0.572222 0.042969 0.080556
0 0.770312 0.634722 0.060937 0.086111
0 0.326562 0.506944 0.035937 0.047222
0 0.435547 0.516667 0.033594 0.044444
0 0.643750 0.480556 0.028125 0.044444
0 0.575391 0.441667 0.021094 0.033333
0 0.612109 0.441667 0.019531 0.030556
0 0.537500 0.418056 0.017188 0.027778
0 0.449609 0.468056 0.021094 0.030556
0 0.386328 0.483333 0.030469 0.041667
0 0.360938 0.459028 0.018750 0.026389
0 0.458594 0.411806 0.015625 0.023611
0 0.436719 0.407639 0.012500 0.018056
0 0.409375 0.409028 0.014063 0.018056
0 0.473047 0.395139 0.011719 0.018056
0 0.449609 0.393750 0.011719 0.015278
1 0.390625 0.424306 0.021875 0.034722
1 0.423438 0.429167 0.021875 0.030556
1 0.427344 0.375694 0.025000 0.051389
1 0.450000 0.356250 0.014063 0.037500
1 0.552344 0.388194 0.015625 0.029167
