0 0.203906 0.820139 0.110937 0.148611
0 0.271875 0.570833 0.050000 0.058333
0 0.335938 0.588889 0.050000 0.061111
0 0.426172 0.563889 0.038281 0.052778
0 0.585156 0.602778 0.042188 0.075000
0 0.609766 0.494444 0.030469 0.047222
0 0.548828 0.475694 0.028906 0.037500
0 0.372266 0.513194 0.032031 0.043056
0 0.370703 0.454167 0.024219 0.030556
0 0.434766 0.497917 0.030469 0.048611
0 0.414453 0.450000 0.024219 0.033333
0 0.395703 0.427083 0.017969 0.026389
0 0.451953 0.456250 0.021094 0.031944
0 0.461328 0.425000 0.016406 0.025000
0 0.434766 0.414583 0.017969 0.026389
0 0.408984 0.410417 0.016406 0.020833
0 0.469531 0.406250 0.015625 0.018056
0 0.528906 0.402778 0.015625 0.022222
0 0.557813 0.402778 0.014063 0.019444
0 0.619922 0.452778 0.022656 0.033333
1 0.668750 0.575694 0.062500 0.115278
1 0.445703 0.360417 0.016406 0.037500
1 0.464453 0.347222 0.014844 0.033333
1 0.423438 0.390278 0.017188 0.025000
1 0.444922 0.393056 0.014844 0.025000
0 0.524219 0.378472 0.010937 0.015278
0 0.546484 0.381250 0.010156 0.018056
0 0.568750 0.386806 0.010937 0.018056
