0 0.672266 0.817361 0.091406 0.181944
0 0.286328 0.675000 0.067969 0.086111
0 0.197656 0.659028 0.073438 0.076389
0 0.403125 0.654861 0.054688 0.081944
0 0.346875 0.552083 0.043750 0.051389
0 0.421484 0.536111 0.036719 0.052778
0 0.352734 0.477778 0.028906 0.036111
0 0.398438 0.470139 0.028125 0.034722
0 0.446094 0.479861 0.026562 0.037500
0 0.457813 0.441667 0.020313 0.027778
0 0.385547 0.438889 0.021094 0.025000
0 0.548047 0.477778 0.025781 0.041667
0 0.535156 0.426389 0.017188 0.027778
0 0.579688 0.443056 0.018750 0.033333
0 0.595313 0.421528 0.017188 0.023611
0 0.465625 0.415972 0.014063 0.020833
0 0.426172 0.425694 0.017969 0.029167
0 0.400391 0.418750 0.014844 0.023611
1 0.416797 0.397222 0.014844 0.025000
1 0.441016 0.397917 0.014844 0.029167
1 0.442188 0.363194 0.020313 0.040278
1 0.462500 0.348611 0.015625 0.033333
2 0.458203 0.404861 0.010156 0.026389
1 0.606250 0.477778 0.035937 0.066667
