0 0.805469 0.671528 0.079687 0.115278
0 0.690234 0.534028 0.039844 0.056944
0 0.631250 0.540972 0.039062 0.065278
0 0.561328 0.493056 0.027344 0.050000
0 0.386719 0.643056 0.056250 0.083333
0 0.283203 0.650694 0.067969 0.079167
0 0.310547 0.524306 0.039844 0.045833
0 0.372656 0.511806 0.032813 0.040278
0 0.432812 0.526389 0.032813 0.050000
0 0.449219 0.471528 0.023438 0.034722
0 0.361719 0.465972 0.026562 0.031944
0 0.409766 0.450000 0.021094 0.033333
0 0.384766 0.432639 0.014844 0.023611
0 0.529687 0.413194 0.017188 0.026389
0 0.458984 0.437500 0.016406 0.025000
0 0.466406 0.396528 0.014063 0.020833
0 0.443750 0.395139 0.010937 0.015278
0 0.477734 0.384028 0.010156 0.018056
0 0.455469 0.384028 0.010937 0.015278
0 0.527734 0.390972 0.014844 0.018056
0 0.555469 0.402083 0.010937 0.018056
2 0.444922 0.428472 0.008594 0.031944
1 0.405078 0.409722 0.017969 0.030556
1 0.431641 0.413889 0.016406 0.027778
1 0.434766 0.368056 0.022656 0.044444
1 0.457031 0.351389 0.015625 0.033333
1 0.569922 0.416667 0.019531 0.038889
