1 0.578125 0.432639 0.023438 0.048611
1 0.437109 0.366667 0.022656 0.044444
1 0.457813 0.348611 0.015625 0.036111
1 0.409375 0.405556 0.018750 0.027778
1 0.435547 0.406944 0.019531 0.033333
2 0.450000 0.420139 0.007812 0.029167
0 0.392188 0.430556 0.018750 0.027778
0 0.415234 0.441667 0.022656 0.033333
0 0.452344 0.461111 0.023438 0.033333
0 0.461328 0.429861 0.014844 0.023611
0 0.467578 0.393056 0.013281 0.019444
0 0.457031 0.383333 0.012500 0.016667
0 0.479297 0.380556 0.010156 0.016667
0 0.528906 0.400000 0.014063 0.019444
0 0.533594 0.427778 0.017188 0.027778
0 0.575781 0.538889 0.034375 0.061111
0 0.438672 0.506250 0.027344 0.043056
0 0.382422 0.495833 0.030469 0.038889
0 0.326172 0.506944 0.036719 0.041667
0 0.369922 0.457639 0.025781 0.031944
0 0.400781 0.595139 0.045312 0.062500
0 0.307422 0.607639 0.058594 0.065278
0 0.669922 0.609028 0.053906 0.084722
0 0.742969 0.595833 0.054688 0.072222
0 0.348438 0.856250 0.089063 0.154167
0 0.191016 0.842361 0.113281 0.134722
0 0.058594 0.837500 0.112500 0.138889
0 0.947266 0.871528 0.105469 0.223611
