1 0.630859 0.516667 0.046094 0.083333
1 0.419922 0.393750 0.014844 0.026389
1 0.442578 0.396528 0.016406 0.023611
1 0.444922 0.361806 0.017969 0.037500
1 0.462891 0.346528 0.016406 0.031944
0 0.467187 0.410417 0.015625 0.020833
0 0.527344 0.392361 0.014063 0.020833
0 0.552344 0.392361 0.014063 0.020833
0 0.460156 0.431250 0.018750 0.026389
0 0.430859 0.420833 0.017969 0.022222
0 0.405859 0.413194 0.013281 0.023611
0 0.391016 0.431944 0.019531 0.025000
0 0.406641 0.459028 0.022656 0.029167
0 0.450000 0.467361 0.021875 0.031944
0 0.363672 0.464583 0.027344 0.031944
0 0.541016 0.447917 0.021094 0.031944
0 0.592969 0.464583 0.023438 0.034722
0 0.606250 0.434722 0.018750 0.027778
0 0.562109 0.525000 0.032031 0.050000
0 0.417187 0.600000 0.046875 0.066667
0 0.428516 0.516667 0.032031 0.047222
0 0.361719 0.527778 0.039062 0.044444
0 0.315625 0.624306 0.056250 0.068056
0 0.242188 0.605556 0.057813 0.063889
0 0.119531 0.936111 0.157812 0.125000
