0 0.148438 0.707639 0.106250 0.129167
0 0.272266 0.716667 0.083594 0.102778
0 0.368750 0.728472 0.071875 0.106944
0 0.426172 0.550694 0.038281 0.056944
0 0.565234 0.512500 0.030469 0.052778
0 0.629297 0.531944 0.035156 0.058333
0 0.668750 0.518056 0.037500 0.055556
0 0.381641 0.497917 0.032031 0.037500
0 0.366016 0.463889 0.028906 0.033333
0 0.411328 0.453472 0.024219 0.037500
0 0.442188 0.470833 0.025000 0.044444
0 0.541797 0.438889 0.021094 0.036111
0 0.635547 0.473611 0.028906 0.036111
0 0.585156 0.411111 0.015625 0.025000
0 0.558984 0.415972 0.017969 0.029167
0 0.530078 0.391667 0.017969 0.027778
0 0.564063 0.378472 0.010937 0.018056
0 0.539453 0.365972 0.011719 0.018056
0 0.429688 0.430556 0.020313 0.027778
0 0.403125 0.418056 0.018750 0.025000
0 0.463281 0.423611 0.018750 0.022222
0 0.434375 0.408333 0.014063 0.019444
0 0.425781 0.392361 0.015625 0.018056
0 0.435937 0.381944 0.012500 0.016667
0 0.451953 0.389583 0.011719 0.018056
0 0.465234 0.402778 0.014844 0.016667
0 0.473438 0.389583 0.010937 0.015278
1 0.592187 0.457639 0.031250 0.054167
