0 0.162109 0.886111 0.136719 0.158333
0 0.349219 0.775694 0.076563 0.154167
0 0.204687 0.656944 0.071875 0.080556
0 0.323437 0.610417 0.054688 0.081944
0 0.335156 0.503472 0.032813 0.045833
0 0.379297 0.516667 0.035156 0.044444
0 0.443750 0.495139 0.028125 0.043056
0 0.636328 0.773611 0.077344 0.141667
0 0.771875 0.760417 0.092188 0.131944
0 0.712500 0.559028 0.046875 0.070833
0 0.398047 0.468750 0.024219 0.034722
0 0.447266 0.459028 0.025781 0.031944
0 0.543750 0.454167 0.020313 0.033333
0 0.582422 0.447917 0.021094 0.031944
0 0.530469 0.402083 0.014063 0.020833
0 0.558984 0.404861 0.013281 0.023611
0 0.589844 0.413889 0.014063 0.022222
0 0.460547 0.431944 0.016406 0.025000
0 0.427344 0.425694 0.018750 0.023611
0 0.392578 0.431250 0.022656 0.026389
0 0.410547 0.409722 0.014844 0.022222
0 0.442969 0.400694 0.014063 0.020833
0 0.467969 0.409028 0.015625 0.020833
0 0.473047 0.390972 0.013281 0.018056
1 0.431250 0.382639 0.015625 0.023611
1 0.449609 0.385417 0.014844 0.020833
1 0.450391 0.353472 0.013281 0.026389
1 0.469141 0.343056 0.013281 0.027778
0 0.545312 0.381944 0.010937 0.016667
0 0.525391 0.377778 0.013281 0.016667
0 0.564063 0.384028 0.010937 0.015278
