0 0.662891 0.842361 0.092969 0.176389
0 0.691406 0.645139 0.062500 0.095833
0 0.366797 0.790972 0.078906 0.123611
0 0.329297 0.594444 0.053906 0.066667
0 0.314453 0.523611 0.039844 0.052778
0 0.381641 0.505556 0.032031 0.055556
0 0.414062 0.548611 0.032813 0.066667
0 0.410938 0.465972 0.028125 0.040278
0 0.376172 0.448611 0.024219 0.033333
0 0.553516 0.482639 0.027344 0.040278
0 0.603906 0.485417 0.026562 0.043056
0 0.661719 0.503472 0.037500 0.045833
0 0.457031 0.450694 0.023438 0.031944
0 0.417969 0.432639 0.020313 0.026389
0 0.409766 0.408333 0.016406 0.022222
0 0.424219 0.393750 0.014063 0.020833
0 0.442578 0.404167 0.016406 0.022222
0 0.535156 0.411111 0.017188 0.027778
0 0.565234 0.419444 0.016406 0.025000
0 0.589844 0.418750 0.017188 0.023611
0 0.580469 0.404167 0.014063 0.019444
0 0.457813 0.423611 0.020313 0.022222
0 0.467969 0.408333 0.014063 0.019444
0 0.472266 0.391667 0.014844 0.019444
0 0.452734 0.388194 0.014844 0.020833
1 0.459375 0.350000 0.014063 0.033333
1 0.473047 0.340972 0.011719 0.026389
1 0.554688 0.395139 0.017188 0.023611
