0 0.593750 0.623611 0.048438 0.083333
0 0.640625 0.552083 0.039062 0.056944
0 0.633594 0.467361 0.028125 0.043056
0 0.305859 0.629861 0.061719 0.070833
0 0.294922 0.545833 0.046094 0.052778
0 0.371094 0.522917 0.037500 0.048611
0 0.404297 0.580556 0.042969 0.075000
0 0.402734 0.475000 0.027344 0.038889
0 0.369922 0.459722 0.024219 0.027778
0 0.453516 0.459028 0.021094 0.031944
0 0.542969 0.450694 0.020313 0.031944
0 0.584766 0.452083 0.019531 0.034722
0 0.414062 0.438194 0.021875 0.026389
0 0.455078 0.433333 0.021094 0.025000
0 0.406250 0.413194 0.015625 0.020833
0 0.438672 0.409722 0.017969 0.019444
0 0.420703 0.397917 0.013281 0.020833
0 0.531641 0.399306 0.014844 0.023611
0 0.557422 0.405556 0.016406 0.022222
0 0.583594 0.407639 0.020313 0.023611
0 0.467187 0.412500 0.014063 0.022222
0 0.473438 0.394444 0.014063 0.016667
0 0.449609 0.388889 0.016406 0.019444
1 0.458203 0.352778 0.014844 0.030556
1 0.472656 0.341667 0.012500 0.027778
