1 0.567578 0.420139 0.022656 0.034722
1 0.461719 0.347917 0.015625 0.029167
1 0.475000 0.339583 0.010937 0.023611
0 0.525000 0.378472 0.012500 0.018056
0 0.549219 0.393750 0.014063 0.020833
0 0.531641 0.407639 0.016406 0.023611
0 0.571094 0.391667 0.012500 0.019444
0 0.544922 0.444444 0.021094 0.030556
0 0.460156 0.432639 0.018750 0.023611
0 0.421484 0.445139 0.021094 0.029167
0 0.391406 0.432639 0.020313 0.023611
0 0.427344 0.420139 0.017188 0.020833
0 0.418750 0.400694 0.014063 0.018056
0 0.447656 0.396528 0.014063 0.018056
0 0.430469 0.388194 0.012500 0.018056
0 0.461328 0.413889 0.017969 0.019444
0 0.471875 0.398611 0.012500 0.016667
0 0.343359 0.487500 0.032031 0.038889
0 0.398828 0.475000 0.028906 0.044444
0 0.428516 0.501389 0.027344 0.052778
0 0.360547 0.536111 0.039844 0.047222
0 0.405078 0.629167 0.049219 0.077778
0 0.594141 0.625000 0.052344 0.083333
0 0.676172 0.612500 0.049219 0.075000
0 0.586719 0.454861 0.020313 0.031944
0 0.601562 0.427778 0.017188 0.025000
0 0.616797 0.453472 0.025781 0.034722
0 0.774609 0.639583 0.069531 0.084722
0 0.145703 0.920833 0.155469 0.158333
