0 0.068750 0.800000 0.132812 0.158333
0 0.219141 0.812500 0.113281 0.136111
0 0.332422 0.851389 0.100781 0.147222
0 0.654297 0.814583 0.085156 0.162500
0 0.770312 0.777083 0.087500 0.131944
0 0.908594 0.801389 0.129688 0.147222
0 0.417187 0.586806 0.040625 0.062500
0 0.370703 0.515972 0.035156 0.043056
0 0.353906 0.475694 0.028125 0.034722
0 0.405078 0.465972 0.027344 0.040278
0 0.435547 0.486806 0.025781 0.040278
0 0.398047 0.425694 0.019531 0.023611
0 0.425000 0.436806 0.018750 0.023611
0 0.462500 0.427778 0.018750 0.022222
0 0.552734 0.471528 0.025781 0.040278
0 0.601953 0.482639 0.027344 0.043056
0 0.635938 0.478472 0.029687 0.040278
0 0.535156 0.420833 0.018750 0.027778
0 0.552734 0.404861 0.014844 0.020833
0 0.578125 0.400000 0.015625 0.025000
0 0.431250 0.413194 0.018750 0.020833
0 0.421875 0.397222 0.015625 0.019444
0 0.450000 0.393750 0.014063 0.018056
0 0.433203 0.384722 0.011719 0.013889
0 0.472656 0.395833 0.012500 0.016667
0 0.526953 0.383333 0.013281 0.016667
0 0.560937 0.374306 0.009375 0.015278
0 0.459766 0.379167 0.013281 0.013889
