0 0.228906 0.765972 0.095312 0.112500
0 0.373828 0.682639 0.060156 0.112500
0 0.241016 0.611806 0.060156 0.068056
0 0.341797 0.575694 0.046094 0.070833
0 0.782813 0.642361 0.070312 0.095833
0 0.552734 0.486111 0.024219 0.041667
0 0.347266 0.484722 0.028906 0.036111
0 0.389453 0.501389 0.032031 0.038889
0 0.448437 0.482639 0.025000 0.037500
0 0.403516 0.457639 0.025781 0.029167
0 0.398047 0.424306 0.019531 0.023611
0 0.450391 0.448611 0.024219 0.030556
0 0.431641 0.419444 0.019531 0.022222
0 0.413281 0.405556 0.014063 0.019444
0 0.461328 0.425000 0.017969 0.025000
0 0.533984 0.415278 0.016406 0.025000
0 0.565234 0.416667 0.016406 0.022222
0 0.468750 0.402083 0.014063 0.020833
0 0.594141 0.470833 0.022656 0.033333
0 0.600781 0.427083 0.018750 0.026389
1 0.434375 0.378472 0.014063 0.018056
1 0.452344 0.380556 0.012500 0.019444
1 0.453906 0.354167 0.014063 0.030556
1 0.469922 0.340278 0.013281 0.025000
0 0.526953 0.383333 0.013281 0.013889
0 0.548047 0.388194 0.013281 0.018056
0 0.567969 0.390278 0.014063 0.019444
