0 0.796094 0.821528 0.104688 0.173611
0 0.389844 0.694444 0.060937 0.094444
0 0.346094 0.561806 0.042188 0.051389
0 0.328906 0.503472 0.035937 0.037500
0 0.391016 0.490278 0.028906 0.047222
0 0.422656 0.524306 0.029687 0.054167
0 0.567187 0.533333 0.034375 0.050000
0 0.628516 0.529861 0.032031 0.054167
0 0.701562 0.552083 0.046875 0.062500
0 0.601953 0.431944 0.019531 0.030556
0 0.573047 0.432639 0.021094 0.029167
0 0.537891 0.422917 0.019531 0.031944
0 0.457813 0.440278 0.020313 0.030556
0 0.415234 0.450694 0.021094 0.026389
0 0.384375 0.441667 0.026562 0.033333
0 0.421875 0.427083 0.018750 0.023611
0 0.414844 0.403472 0.017188 0.020833
0 0.427734 0.391667 0.013281 0.022222
0 0.444922 0.400694 0.014844 0.018056
0 0.469531 0.403472 0.015625 0.018056
0 0.459766 0.418750 0.017969 0.020833
0 0.528906 0.396528 0.015625 0.020833
0 0.546875 0.386806 0.012500 0.018056
0 0.568359 0.386111 0.011719 0.016667
1 0.562109 0.405556 0.019531 0.030556
1 0.460938 0.350000 0.017188 0.036111
1 0.475391 0.339583 0.010156 0.026389
