0 0.275000 0.686806 0.073438 0.084722
0 0.273047 0.576389 0.052344 0.063889
0 0.357812 0.544444 0.040625 0.061111
0 0.392969 0.620833 0.050000 0.094444
0 0.568750 0.538194 0.034375 0.051389
0 0.612891 0.506250 0.027344 0.045833
0 0.933984 0.826389 0.132031 0.175000
0 0.397656 0.486806 0.031250 0.040278
0 0.358984 0.470139 0.027344 0.037500
0 0.408984 0.449306 0.022656 0.034722
0 0.451172 0.468750 0.025781 0.031944
0 0.452734 0.439583 0.024219 0.029167
0 0.434766 0.415278 0.016406 0.019444
0 0.402344 0.417361 0.017188 0.020833
0 0.416406 0.400694 0.014063 0.018056
0 0.425781 0.390278 0.012500 0.019444
0 0.448047 0.393056 0.013281 0.019444
0 0.465625 0.415972 0.015625 0.020833
0 0.472266 0.400000 0.014844 0.022222
0 0.539844 0.431250 0.018750 0.023611
0 0.574219 0.432639 0.017188 0.029167
0 0.615625 0.445833 0.021875 0.030556
0 0.575000 0.398611 0.012500 0.019444
0 0.552344 0.395833 0.014063 0.019444
0 0.528906 0.390278 0.012500 0.019444
1 0.456641 0.353472 0.016406 0.031944
1 0.471484 0.343056 0.011719 0.027778
1 0.436719 0.377778 0.012500 0.022222
1 0.453906 0.379861 0.012500 0.020833
