0 0.150000 0.722917 0.090625 0.101389
0 0.295703 0.655556 0.063281 0.094444
0 0.317969 0.517361 0.037500 0.043056
0 0.367578 0.538194 0.039844 0.051389
0 0.439063 0.514583 0.032813 0.048611
0 0.389062 0.481250 0.025000 0.037500
0 0.441797 0.468056 0.027344 0.033333
0 0.583984 0.597222 0.044531 0.075000
0 0.682031 0.607639 0.054688 0.076389
0 0.667969 0.509028 0.034375 0.051389
0 0.385937 0.438194 0.020313 0.026389
0 0.423047 0.433333 0.019531 0.025000
0 0.457813 0.438889 0.018750 0.025000
0 0.405859 0.415278 0.014844 0.022222
0 0.417187 0.398611 0.012500 0.019444
0 0.440625 0.404167 0.015625 0.022222
0 0.466016 0.413889 0.021094 0.022222
0 0.538281 0.430556 0.018750 0.027778
0 0.580078 0.402778 0.011719 0.019444
0 0.552734 0.395833 0.013281 0.019444
0 0.527734 0.392361 0.013281 0.020833
0 0.473047 0.396528 0.011719 0.015278
1 0.429297 0.384722 0.013281 0.022222
1 0.449609 0.387500 0.013281 0.022222
1 0.450781 0.356944 0.017188 0.033333
1 0.467578 0.343750 0.013281 0.029167
0 0.571875 0.428472 0.017188 0.026389
