1 0.151953 0.856944 0.158594 0.227778
1 0.325391 0.892361 0.121094 0.206944
0 0.687891 0.898611 0.113281 0.202778
0 0.646875 0.579861 0.046875 0.070833
0 0.675781 0.528472 0.040625 0.062500
0 0.212500 0.648611 0.067187 0.083333
0 0.392188 0.575000 0.042188 0.058333
0 0.318359 0.509028 0.039844 0.051389
0 0.375000 0.525694 0.039062 0.045833
0 0.433594 0.518750 0.034375 0.045833
0 0.553125 0.473611 0.026562 0.038889
0 0.449609 0.463194 0.022656 0.037500
0 0.412500 0.445833 0.023438 0.030556
0 0.398047 0.422917 0.019531 0.023611
0 0.596484 0.421528 0.017969 0.026389
0 0.555469 0.396528 0.014063 0.020833
0 0.522266 0.369444 0.011719 0.016667
0 0.543359 0.375694 0.010156 0.015278
0 0.459375 0.425000 0.015625 0.025000
0 0.432422 0.418056 0.017969 0.025000
0 0.423828 0.395139 0.014844 0.018056
0 0.444922 0.402778 0.013281 0.016667
0 0.471875 0.400694 0.014063 0.018056
0 0.438672 0.377778 0.010156 0.016667
0 0.472656 0.384722 0.014063 0.013889
0 0.449609 0.387500 0.011719 0.013889
0 0.461719 0.376389 0.009375 0.013889
0 0.447266 0.370139 0.008594 0.012500
