1 0.641797 0.540278 0.050781 0.094444
0 0.632031 0.718750 0.073438 0.123611
0 0.768359 0.758333 0.088281 0.133333
0 0.798047 0.675000 0.083594 0.097222
0 0.277734 0.735417 0.086719 0.101389
0 0.243359 0.593056 0.064844 0.080556
0 0.327344 0.611111 0.057813 0.066667
0 0.406250 0.603472 0.046875 0.062500
0 0.559375 0.497917 0.031250 0.051389
0 0.705859 0.556250 0.046094 0.062500
0 0.436719 0.504167 0.031250 0.044444
0 0.397656 0.472917 0.028125 0.040278
0 0.378906 0.444444 0.021875 0.030556
0 0.419922 0.436806 0.019531 0.031944
0 0.450391 0.448611 0.022656 0.033333
0 0.413281 0.409028 0.017188 0.023611
0 0.437109 0.415972 0.017969 0.023611
0 0.467578 0.413194 0.016406 0.023611
0 0.535547 0.411111 0.017969 0.025000
0 0.576953 0.449306 0.022656 0.031944
0 0.606250 0.438194 0.020313 0.026389
0 0.573438 0.390972 0.012500 0.018056
0 0.544141 0.377083 0.011719 0.015278
0 0.468359 0.394444 0.013281 0.016667
0 0.432422 0.386806 0.013281 0.015278
0 0.455859 0.384028 0.010156 0.012500
0 0.478125 0.384722 0.012500 0.013889
