1 0.307422 0.607639 0.066406 0.101389
1 0.405469 0.614583 0.054688 0.098611
0 0.646875 0.752778 0.082812 0.147222
0 0.157031 0.787500 0.118750 0.127778
0 0.651172 0.491667 0.028906 0.047222
0 0.577344 0.440278 0.021875 0.027778
0 0.303906 0.535417 0.040625 0.051389
0 0.360547 0.463194 0.027344 0.037500
0 0.401953 0.477083 0.027344 0.037500
0 0.428516 0.499306 0.027344 0.037500
0 0.444922 0.465972 0.027344 0.037500
0 0.458594 0.431250 0.015625 0.020833
0 0.425781 0.425694 0.020313 0.026389
0 0.413281 0.406250 0.014063 0.020833
0 0.441406 0.403472 0.012500 0.020833
0 0.465625 0.407639 0.015625 0.020833
0 0.525781 0.388194 0.014063 0.020833
0 0.551953 0.395139 0.013281 0.020833
0 0.475391 0.389583 0.014844 0.018056
0 0.433203 0.385417 0.013281 0.018056
0 0.450781 0.391667 0.012500 0.016667
