0 0.221484 0.708333 0.092969 0.097222
0 0.320312 0.512500 0.035937 0.038889
0 0.371875 0.452083 0.028125 0.037500
0 0.406641 0.468750 0.025781 0.031944
0 0.434375 0.486806 0.026562 0.037500
0 0.450000 0.457639 0.021875 0.029167
0 0.461328 0.427778 0.016406 0.025000
0 0.430469 0.418056 0.018750 0.022222
0 0.417969 0.401389 0.014063 0.019444
0 0.444922 0.398611 0.014844 0.019444
0 0.467969 0.405556 0.014063 0.019444
0 0.528125 0.396528 0.014063 0.020833
0 0.557422 0.403472 0.016406 0.023611
0 0.590234 0.463194 0.022656 0.037500
0 0.687109 0.534028 0.038281 0.048611
0 0.547266 0.382639 0.011719 0.015278
0 0.563281 0.379167 0.009375 0.016667
0 0.453516 0.388889 0.011719 0.013889
0 0.435156 0.382639 0.010937 0.015278
0 0.476953 0.387500 0.013281 0.013889
0 0.456250 0.379167 0.010937 0.013889
0 0.447266 0.372222 0.010156 0.013889
0 0.466797 0.370833 0.008594 0.011111
0 0.478516 0.375000 0.010156 0.013889
0 0.523438 0.362500 0.010937 0.011111
1 0.330859 0.575694 0.055469 0.090278
1 0.417187 0.577778 0.048438 0.091667
