0 0.159766 0.713889 0.086719 0.100000
0 0.367969 0.612500 0.057813 0.077778
0 0.298828 0.530556 0.046094 0.061111
0 0.360938 0.543750 0.042188 0.045833
0 0.425391 0.540972 0.035156 0.054167
0 0.609375 0.663889 0.056250 0.105556
1 0.836328 0.853472 0.152344 0.256944
0 0.944531 0.804861 0.068750 0.176389
0 0.612891 0.517361 0.033594 0.051389
0 0.645312 0.487500 0.028125 0.041667
0 0.544141 0.445833 0.022656 0.030556
0 0.445312 0.470833 0.023438 0.033333
0 0.408594 0.452778 0.021875 0.030556
0 0.394531 0.428472 0.018750 0.026389
0 0.428516 0.423611 0.019531 0.030556
0 0.456641 0.432639 0.016406 0.026389
0 0.419531 0.399306 0.014063 0.018056
0 0.441797 0.406944 0.014844 0.016667
0 0.445703 0.392361 0.013281 0.015278
0 0.469141 0.402778 0.013281 0.016667
0 0.471875 0.388889 0.014063 0.013889
0 0.437500 0.379861 0.014063 0.015278
0 0.458594 0.379861 0.010937 0.015278
0 0.550781 0.389583 0.012500 0.018056
0 0.587109 0.409028 0.014844 0.020833
0 0.522266 0.364583 0.008594 0.012500
0 0.541016 0.370139 0.010156 0.012500
