0 0.070703 0.911806 0.138281 0.170833
0 0.590234 0.589583 0.047656 0.079167
0 0.828906 0.704861 0.084375 0.109722
0 0.279687 0.565972 0.048438 0.056944
0 0.419141 0.525000 0.033594 0.047222
0 0.392969 0.491667 0.031250 0.036111
0 0.350000 0.477778 0.031250 0.041667
0 0.443750 0.479167 0.026562 0.033333
0 0.626172 0.459028 0.021094 0.034722
0 0.421484 0.431250 0.019531 0.026389
0 0.408984 0.411111 0.019531 0.025000
0 0.455469 0.441667 0.020313 0.027778
0 0.440625 0.408333 0.015625 0.025000
0 0.465234 0.413889 0.016406 0.022222
0 0.568359 0.422222 0.017969 0.025000
0 0.524609 0.379861 0.014844 0.018056
0 0.548438 0.386806 0.012500 0.018056
0 0.473438 0.393056 0.014063 0.013889
0 0.448437 0.395139 0.012500 0.015278
0 0.429688 0.388194 0.014063 0.015278
0 0.475781 0.379167 0.014063 0.016667
0 0.462500 0.375000 0.010937 0.016667
0 0.557813 0.368750 0.007812 0.012500
1 0.271875 0.665972 0.082812 0.123611
1 0.388672 0.675000 0.069531 0.125000
