1 0.349219 0.544444 0.046875 0.080556
1 0.423828 0.547222 0.042969 0.075000
0 0.267969 0.646528 0.071875 0.081944
0 0.751563 0.609028 0.056250 0.076389
0 0.609375 0.497917 0.031250 0.048611
0 0.337500 0.493056 0.032813 0.036111
0 0.380859 0.440278 0.024219 0.036111
0 0.412891 0.456944 0.025781 0.030556
0 0.442188 0.473611 0.025000 0.033333
0 0.453906 0.447917 0.020313 0.029167
0 0.462891 0.421528 0.016406 0.026389
0 0.433984 0.411111 0.016406 0.022222
0 0.421875 0.397222 0.012500 0.016667
0 0.447266 0.395833 0.011719 0.019444
0 0.469922 0.400000 0.013281 0.019444
0 0.531250 0.406250 0.017188 0.023611
0 0.564453 0.416667 0.016406 0.022222
0 0.550391 0.390278 0.014844 0.019444
0 0.567969 0.384722 0.010937 0.016667
0 0.478516 0.383333 0.011719 0.013889
0 0.438281 0.381250 0.012500 0.015278
0 0.454688 0.386111 0.010937 0.013889
