1 0.229297 0.736806 0.111719 0.154167
1 0.364063 0.754861 0.087500 0.156944
0 0.717578 0.702083 0.075781 0.106944
0 0.730859 0.590972 0.053906 0.073611
0 0.566797 0.518750 0.035156 0.054167
0 0.251953 0.600000 0.055469 0.066667
0 0.335938 0.492361 0.035937 0.045833
0 0.384375 0.505556 0.034375 0.038889
0 0.407813 0.543056 0.035937 0.047222
0 0.438281 0.498611 0.028125 0.038889
0 0.453125 0.452083 0.021875 0.031944
0 0.417969 0.436111 0.020313 0.025000
0 0.404687 0.415278 0.017188 0.022222
0 0.462891 0.420139 0.016406 0.026389
0 0.437500 0.411806 0.017188 0.026389
0 0.428516 0.390278 0.011719 0.013889
0 0.560937 0.409028 0.014063 0.020833
0 0.610547 0.440278 0.019531 0.030556
0 0.522656 0.374306 0.012500 0.018056
0 0.546484 0.381944 0.010156 0.016667
0 0.554297 0.365278 0.008594 0.011111
0 0.447656 0.400000 0.014063 0.019444
0 0.472656 0.397222 0.014063 0.019444
0 0.441016 0.376389 0.010156 0.013889
0 0.462500 0.375000 0.009375 0.013889
0 0.473828 0.383333 0.011719 0.013889
