1 0.610938 0.490972 0.037500 0.073611
0 0.200391 0.860417 0.113281 0.140278
0 0.202734 0.642361 0.085156 0.098611
0 0.302734 0.659028 0.069531 0.084722
0 0.390234 0.654861 0.060156 0.079167
0 0.586328 0.576389 0.042969 0.072222
0 0.672266 0.601389 0.052344 0.077778
0 0.712891 0.571528 0.052344 0.068056
0 0.661719 0.505556 0.035937 0.050000
0 0.547266 0.460417 0.027344 0.045833
0 0.431250 0.527778 0.034375 0.050000
0 0.389062 0.485417 0.032813 0.037500
0 0.369922 0.454167 0.024219 0.030556
0 0.414453 0.443750 0.022656 0.031944
0 0.446484 0.461111 0.025781 0.038889
0 0.566016 0.429861 0.019531 0.034722
0 0.593750 0.420833 0.018750 0.025000
0 0.530469 0.400000 0.017188 0.025000
0 0.568359 0.384722 0.011719 0.016667
0 0.433203 0.422917 0.017969 0.026389
0 0.409375 0.411806 0.018750 0.020833
0 0.466406 0.419444 0.018750 0.022222
0 0.426953 0.390278 0.017969 0.019444
0 0.453516 0.388194 0.011719 0.015278
0 0.466797 0.400000 0.014844 0.019444
0 0.541797 0.370833 0.011719 0.016667
