1 0.696875 0.629167 0.070312 0.136111
0 0.772656 0.640972 0.060937 0.095833
0 0.576562 0.554861 0.037500 0.079167
0 0.590625 0.477083 0.029687 0.040278
0 0.621875 0.456944 0.023438 0.036111
0 0.537500 0.423611 0.020313 0.033333
0 0.579688 0.399306 0.014063 0.026389
0 0.328516 0.661806 0.066406 0.081944
0 0.078516 0.815278 0.111719 0.125000
0 0.273438 0.563889 0.054688 0.069444
0 0.346094 0.576389 0.050000 0.058333
0 0.417187 0.568056 0.040625 0.055556
0 0.440625 0.487500 0.026562 0.038889
0 0.403906 0.463194 0.025000 0.031944
0 0.386328 0.437500 0.021094 0.030556
0 0.424219 0.430556 0.020313 0.030556
0 0.455469 0.445139 0.020313 0.029167
0 0.416016 0.403472 0.013281 0.018056
0 0.439844 0.411111 0.014063 0.019444
0 0.469531 0.409028 0.014063 0.018056
0 0.434766 0.384028 0.011719 0.018056
0 0.546875 0.382639 0.010937 0.015278
0 0.471094 0.393750 0.015625 0.018056
0 0.457813 0.381944 0.010937 0.016667
0 0.442969 0.373611 0.010937 0.016667
0 0.521875 0.361111 0.010937 0.016667
0 0.944922 0.895833 0.110156 0.208333
