0 0.870313 0.750000 0.093750 0.127778
0 0.637500 0.548611 0.042188 0.058333
0 0.299609 0.606944 0.060156 0.077778
0 0.348438 0.478472 0.029687 0.034722
0 0.387891 0.433333 0.021094 0.033333
0 0.417969 0.448611 0.021875 0.030556
0 0.446484 0.463889 0.022656 0.030556
0 0.455469 0.439583 0.018750 0.026389
0 0.437500 0.407639 0.015625 0.020833
0 0.425391 0.394444 0.011719 0.019444
0 0.448828 0.394444 0.011719 0.019444
0 0.465625 0.415972 0.015625 0.023611
0 0.470703 0.398611 0.013281 0.019444
0 0.440625 0.377778 0.010937 0.013889
0 0.479297 0.383333 0.011719 0.016667
0 0.456250 0.382639 0.010937 0.015278
0 0.535547 0.418750 0.019531 0.026389
0 0.572266 0.432639 0.017969 0.029167
0 0.555859 0.400000 0.013281 0.019444
0 0.573438 0.390278 0.012500 0.019444
0 0.560547 0.375694 0.011719 0.018056
0 0.523438 0.369444 0.009375 0.013889
1 0.364063 0.519444 0.043750 0.063889
1 0.433203 0.522222 0.036719 0.061111
