1 0.123047 0.832639 0.241406 0.329167
1 0.399609 0.461111 0.033594 0.047222
1 0.449219 0.462500 0.029687 0.044444
0 0.302344 0.645139 0.056250 0.079167
0 0.214062 0.636806 0.068750 0.070833
0 0.374609 0.509722 0.042969 0.050000
0 0.574219 0.547917 0.040625 0.065278
0 0.668359 0.596528 0.049219 0.073611
0 0.595703 0.465972 0.022656 0.034722
0 0.610938 0.435417 0.018750 0.026389
0 0.385156 0.434028 0.017188 0.020833
0 0.410547 0.406250 0.017969 0.023611
0 0.432812 0.420833 0.020313 0.025000
0 0.458203 0.426389 0.016406 0.022222
0 0.448047 0.393750 0.013281 0.018056
0 0.436719 0.382639 0.012500 0.015278
0 0.529297 0.393056 0.014844 0.022222
0 0.578516 0.400694 0.016406 0.020833
0 0.544141 0.381250 0.010156 0.015278
0 0.558594 0.375000 0.010937 0.016667
0 0.464062 0.412500 0.015625 0.016667
0 0.472266 0.398611 0.017969 0.016667
