1 0.375391 0.498611 0.038281 0.061111
1 0.436719 0.504167 0.035937 0.058333
0 0.164844 0.897917 0.112500 0.148611
0 0.692187 0.648611 0.062500 0.097222
0 0.325000 0.572222 0.050000 0.055556
0 0.361328 0.465278 0.025781 0.030556
0 0.395313 0.426389 0.020313 0.030556
0 0.423438 0.440278 0.021875 0.027778
0 0.450391 0.452778 0.021094 0.027778
0 0.458203 0.430556 0.016406 0.022222
0 0.439844 0.405556 0.015625 0.022222
0 0.428906 0.390278 0.014063 0.016667
0 0.450781 0.390278 0.012500 0.016667
0 0.467578 0.409722 0.014844 0.022222
0 0.472266 0.393056 0.011719 0.016667
0 0.524219 0.373611 0.009375 0.013889
0 0.536328 0.365972 0.008594 0.012500
0 0.562891 0.379167 0.011719 0.019444
0 0.580078 0.399306 0.011719 0.020833
0 0.562500 0.409028 0.014063 0.020833
0 0.540625 0.438194 0.020313 0.029167
0 0.585547 0.452778 0.022656 0.030556
