1 0.154297 0.777083 0.292969 0.445833
1 0.407422 0.447917 0.027344 0.048611
1 0.452734 0.450000 0.022656 0.047222
0 0.345313 0.831944 0.082812 0.133333
0 0.606250 0.653472 0.054688 0.101389
0 0.760547 0.746528 0.086719 0.129167
0 0.327344 0.598611 0.043750 0.069444
0 0.383984 0.492361 0.032031 0.043056
0 0.617188 0.501389 0.028125 0.047222
0 0.627344 0.456944 0.025000 0.033333
0 0.392578 0.427778 0.016406 0.022222
0 0.415625 0.400694 0.015625 0.023611
0 0.436719 0.414583 0.017188 0.023611
0 0.462109 0.419444 0.014844 0.016667
0 0.466016 0.406944 0.014844 0.013889
0 0.450391 0.390972 0.013281 0.015278
0 0.438281 0.379167 0.012500 0.013889
0 0.475781 0.393750 0.010937 0.015278
0 0.530469 0.400694 0.015625 0.023611
0 0.547266 0.387500 0.013281 0.016667
0 0.587891 0.412500 0.017969 0.027778
0 0.562109 0.379861 0.010156 0.015278
