1 0.233984 0.654167 0.225781 0.352778
1 0.419141 0.432639 0.028906 0.037500
1 0.457031 0.434028 0.021875 0.037500
1 0.525781 0.377778 0.012500 0.022222
0 0.423438 0.393750 0.015625 0.020833
0 0.442188 0.406944 0.015625 0.019444
0 0.466406 0.409028 0.017188 0.018056
0 0.538672 0.425000 0.017969 0.027778
0 0.557813 0.407639 0.012500 0.020833
0 0.569922 0.393056 0.010156 0.016667
0 0.542188 0.377083 0.009375 0.015278
0 0.559766 0.372917 0.010156 0.012500
0 0.454297 0.385417 0.011719 0.015278
0 0.442969 0.374306 0.009375 0.015278
0 0.476562 0.388889 0.010937 0.013889
0 0.400781 0.467361 0.029687 0.031944
0 0.403906 0.413194 0.012500 0.018056
0 0.613281 0.445139 0.025000 0.040278
0 0.690234 0.529861 0.038281 0.048611
0 0.711328 0.656944 0.060156 0.091667
0 0.390234 0.665278 0.058594 0.080556
0 0.361719 0.542361 0.029687 0.051389
