1 0.083984 0.868750 0.164844 0.262500
1 0.394531 0.470833 0.032813 0.052778
1 0.446875 0.474306 0.035937 0.048611
0 0.274609 0.696528 0.067969 0.090278
0 0.154297 0.697917 0.092969 0.081944
0 0.558594 0.496528 0.028125 0.048611
0 0.626563 0.527778 0.039062 0.050000
0 0.362109 0.525000 0.039844 0.052778
0 0.378125 0.441667 0.020313 0.025000
0 0.430469 0.428472 0.018750 0.026389
0 0.407422 0.411806 0.019531 0.026389
0 0.455469 0.434722 0.017188 0.025000
0 0.462109 0.418750 0.016406 0.020833
0 0.471875 0.403472 0.012500 0.020833
0 0.446484 0.397222 0.016406 0.019444
0 0.433984 0.385417 0.011719 0.018056
0 0.526563 0.384722 0.012500 0.019444
0 0.541016 0.375694 0.008594 0.015278
0 0.573438 0.391667 0.014063 0.025000
0 0.473828 0.385417 0.014844 0.015278
0 0.455078 0.383333 0.011719 0.013889
0 0.581641 0.441667 0.019531 0.030556
0 0.597656 0.422917 0.015625 0.026389
