0 0.803906 0.848611 0.118750 0.175000
0 0.229687 0.775000 0.081250 0.105556
0 0.076172 0.796528 0.127344 0.118056
0 0.344922 0.545833 0.042969 0.050000
0 0.369922 0.453472 0.022656 0.026389
0 0.401172 0.420833 0.019531 0.030556
0 0.425781 0.433333 0.021875 0.027778
0 0.453125 0.443750 0.020313 0.026389
0 0.459766 0.423611 0.017969 0.019444
0 0.547266 0.461111 0.024219 0.036111
0 0.600391 0.481944 0.027344 0.038889
0 0.569922 0.425000 0.016406 0.027778
0 0.587500 0.409028 0.014063 0.020833
0 0.567969 0.385417 0.014063 0.020833
0 0.525391 0.379861 0.011719 0.018056
0 0.538281 0.370833 0.010937 0.016667
0 0.468750 0.405556 0.015625 0.019444
0 0.442578 0.400000 0.014844 0.019444
0 0.430859 0.387500 0.013281 0.016667
0 0.443750 0.372917 0.010937 0.015278
0 0.453516 0.388194 0.011719 0.018056
0 0.472656 0.389583 0.012500 0.015278
1 0.386328 0.485417 0.033594 0.051389
1 0.443359 0.487500 0.030469 0.052778
