1 0.162891 0.741667 0.321094 0.461111
1 0.413672 0.443056 0.025781 0.038889
1 0.455078 0.440972 0.024219 0.034722
0 0.677344 0.882639 0.103125 0.215278
0 0.369141 0.738194 0.072656 0.106944
0 0.648047 0.556250 0.041406 0.065278
0 0.651172 0.486111 0.027344 0.044444
0 0.343750 0.569444 0.043750 0.055556
0 0.392578 0.479167 0.032031 0.038889
0 0.398438 0.420833 0.017188 0.022222
0 0.417969 0.396528 0.018750 0.023611
0 0.439063 0.411111 0.017188 0.022222
0 0.463672 0.416667 0.016406 0.019444
0 0.467969 0.403472 0.014063 0.015278
0 0.451953 0.387500 0.011719 0.016667
0 0.439063 0.377778 0.012500 0.019444
0 0.474609 0.391667 0.011719 0.013889
0 0.535156 0.411806 0.017188 0.026389
0 0.551562 0.395139 0.012500 0.018056
0 0.565625 0.384028 0.009375 0.015278
