1 0.279687 0.602778 0.170313 0.286111
1 0.422266 0.425000 0.021094 0.036111
1 0.458594 0.428472 0.018750 0.031944
1 0.526563 0.385417 0.012500 0.031944
1 0.547266 0.349306 0.011719 0.020833
0 0.850391 0.881944 0.122656 0.180556
0 0.748437 0.601389 0.053125 0.075000
0 0.631250 0.468056 0.028125 0.050000
0 0.544141 0.444444 0.022656 0.030556
0 0.405078 0.621528 0.049219 0.070833
0 0.376172 0.520833 0.022656 0.044444
0 0.406250 0.458333 0.025000 0.033333
0 0.408594 0.409722 0.014063 0.019444
0 0.427734 0.390972 0.016406 0.023611
0 0.444141 0.402778 0.013281 0.019444
0 0.468359 0.406250 0.014844 0.018056
0 0.455469 0.382639 0.012500 0.018056
0 0.444141 0.373611 0.011719 0.016667
0 0.477734 0.385417 0.013281 0.018056
0 0.545312 0.381250 0.012500 0.018056
0 0.562500 0.377083 0.010937 0.020833
0 0.577734 0.400000 0.011719 0.019444
0 0.565625 0.420833 0.014063 0.025000
