1 0.311328 0.554167 0.132031 0.222222
1 0.425781 0.421528 0.020313 0.037500
1 0.460156 0.419444 0.020313 0.033333
1 0.528906 0.393750 0.015625 0.026389
1 0.547656 0.350694 0.010937 0.020833
0 0.328125 0.877083 0.104688 0.162500
0 0.867578 0.739583 0.089844 0.123611
0 0.414062 0.583333 0.043750 0.066667
0 0.551953 0.468750 0.022656 0.040278
0 0.660547 0.503472 0.041406 0.059722
0 0.412109 0.451389 0.024219 0.030556
0 0.413281 0.402083 0.012500 0.015278
0 0.429297 0.386806 0.013281 0.020833
0 0.447656 0.398611 0.015625 0.016667
0 0.470313 0.402083 0.012500 0.018056
0 0.457031 0.379861 0.010937 0.015278
0 0.447656 0.372917 0.010937 0.015278
0 0.478125 0.383333 0.010937 0.016667
0 0.521875 0.375694 0.010937 0.012500
0 0.548047 0.388889 0.013281 0.016667
0 0.567187 0.384722 0.012500 0.019444
0 0.585156 0.410417 0.015625 0.023611
0 0.577344 0.441667 0.020313 0.030556
