0 0.075781 0.799306 0.131250 0.129167
0 0.398438 0.634722 0.053125 0.080556
0 0.435156 0.514583 0.025000 0.040278
0 0.616406 0.654861 0.057813 0.095833
0 0.658984 0.577083 0.047656 0.070833
0 0.622656 0.456944 0.023438 0.033333
0 0.564844 0.423611 0.017188 0.025000
0 0.589453 0.409028 0.017969 0.026389
0 0.556641 0.404167 0.016406 0.022222
0 0.528906 0.399306 0.015625 0.020833
0 0.425391 0.427083 0.019531 0.023611
0 0.425000 0.391667 0.012500 0.016667
0 0.437109 0.375694 0.011719 0.015278
0 0.452734 0.390972 0.013281 0.015278
0 0.475781 0.391667 0.010937 0.016667
0 0.545703 0.389583 0.011719 0.012500
1 0.552734 0.359028 0.013281 0.026389
1 0.367578 0.484028 0.083594 0.148611
