1 0.571484 0.539583 0.042969 0.084722
1 0.395313 0.442361 0.059375 0.109722
1 0.559375 0.370139 0.014063 0.029167
0 0.314844 0.881944 0.109375 0.172222
0 0.298828 0.670139 0.064844 0.087500
0 0.256250 0.586111 0.056250 0.077778
0 0.425391 0.543056 0.033594 0.063889
0 0.448828 0.473611 0.022656 0.036111
0 0.541797 0.450694 0.022656 0.037500
0 0.583203 0.456944 0.025781 0.041667
0 0.634766 0.463194 0.025781 0.040278
0 0.608594 0.502778 0.031250 0.047222
0 0.730859 0.588889 0.052344 0.069444
0 0.436328 0.411111 0.017969 0.019444
0 0.469922 0.395833 0.014844 0.022222
0 0.443750 0.393750 0.017188 0.020833
0 0.558594 0.418750 0.017188 0.023611
0 0.581250 0.405556 0.014063 0.019444
0 0.552734 0.397917 0.013281 0.015278
0 0.522266 0.373611 0.011719 0.016667
0 0.541406 0.378472 0.010937 0.015278
0 0.457422 0.381250 0.010156 0.015278
0 0.477734 0.377778 0.010156 0.013889
