1 0.351172 0.502083 0.094531 0.173611
1 0.433984 0.409028 0.017969 0.031944
1 0.462500 0.412500 0.023438 0.030556
1 0.550391 0.355556 0.010156 0.025000
1 0.533984 0.416667 0.021094 0.036111
0 0.789844 0.658333 0.089063 0.113889
0 0.383203 0.685417 0.061719 0.098611
0 0.429297 0.535417 0.035156 0.048611
0 0.584375 0.558333 0.040625 0.069444
0 0.619531 0.511111 0.034375 0.050000
0 0.605859 0.437500 0.019531 0.030556
0 0.421094 0.434028 0.020313 0.026389
0 0.422266 0.395139 0.013281 0.018056
0 0.434766 0.379861 0.013281 0.015278
0 0.451562 0.393056 0.014063 0.016667
0 0.458984 0.374306 0.010156 0.012500
0 0.473047 0.388194 0.013281 0.015278
0 0.526953 0.388889 0.014844 0.019444
0 0.542969 0.384722 0.012500 0.013889
0 0.558594 0.409028 0.014063 0.023611
0 0.581250 0.398611 0.015625 0.022222
