0 0.586719 0.593750 0.050000 0.081944
0 0.679688 0.621528 0.060937 0.098611
0 0.765625 0.615278 0.064062 0.091667
0 0.155859 0.878472 0.136719 0.151389
0 0.123438 0.738889 0.092188 0.097222
0 0.390234 0.638889 0.057031 0.088889
0 0.362891 0.553472 0.039844 0.056944
0 0.329297 0.503472 0.033594 0.045833
0 0.441406 0.491667 0.028125 0.041667
0 0.589844 0.479167 0.026562 0.036111
0 0.572266 0.440278 0.017969 0.027778
0 0.598828 0.428472 0.017969 0.026389
0 0.616406 0.452083 0.020313 0.026389
0 0.458203 0.443056 0.019531 0.025000
0 0.528906 0.395833 0.015625 0.019444
0 0.551562 0.396528 0.014063 0.018056
0 0.525781 0.379167 0.012500 0.013889
0 0.545703 0.379167 0.013281 0.013889
0 0.444922 0.399306 0.013281 0.018056
0 0.451172 0.384028 0.016406 0.018056
0 0.474219 0.386111 0.015625 0.019444
1 0.570703 0.382639 0.021094 0.034722
1 0.412891 0.422917 0.046094 0.090278
0 0.298438 0.935417 0.129688 0.129167
