1 0.680469 0.866667 0.126562 0.266667
1 0.407031 0.429167 0.050000 0.097222
1 0.567578 0.379861 0.019531 0.031944
0 0.713281 0.681250 0.068750 0.109722
0 0.703906 0.545833 0.042188 0.066667
0 0.630859 0.539583 0.039844 0.062500
0 0.564453 0.523611 0.035156 0.058333
0 0.374219 0.686111 0.062500 0.100000
0 0.345313 0.580556 0.043750 0.061111
0 0.309375 0.525694 0.040625 0.051389
0 0.045312 0.853472 0.089063 0.131944
0 0.437891 0.504167 0.030469 0.044444
0 0.455078 0.450694 0.019531 0.026389
0 0.576562 0.452778 0.021875 0.027778
0 0.563672 0.423611 0.016406 0.025000
0 0.588672 0.413889 0.014844 0.022222
0 0.601172 0.433333 0.016406 0.025000
0 0.441406 0.404167 0.012500 0.019444
0 0.448047 0.386806 0.013281 0.018056
0 0.473828 0.389583 0.014844 0.020833
0 0.460938 0.379167 0.009375 0.013889
0 0.480469 0.374306 0.009375 0.012500
0 0.528125 0.384722 0.012500 0.016667
0 0.547656 0.388889 0.012500 0.016667
