1 0.389062 0.458333 0.067187 0.130556
1 0.553125 0.487500 0.032813 0.061111
1 0.556250 0.365972 0.014063 0.029167
0 0.468750 0.400000 0.017188 0.025000
0 0.455859 0.384722 0.011719 0.013889
0 0.441016 0.398611 0.017969 0.025000
0 0.432422 0.415278 0.014844 0.022222
0 0.551562 0.406250 0.015625 0.020833
0 0.550000 0.390972 0.015625 0.015278
0 0.573438 0.395833 0.014063 0.022222
0 0.536719 0.427778 0.020313 0.027778
0 0.570703 0.434028 0.021094 0.031944
0 0.615234 0.440972 0.019531 0.034722
0 0.588672 0.465278 0.022656 0.036111
0 0.446094 0.484028 0.026562 0.037500
0 0.676562 0.525694 0.035937 0.051389
0 0.420312 0.564583 0.039062 0.062500
0 0.216797 0.630556 0.071094 0.080556
0 0.254688 0.745833 0.084375 0.102778
