0 0.819531 0.696528 0.076563 0.109722
0 0.645312 0.563889 0.043750 0.069444
0 0.550391 0.475000 0.025781 0.041667
0 0.600781 0.487500 0.032813 0.052778
0 0.660547 0.493056 0.036719 0.050000
0 0.348828 0.769444 0.082031 0.133333
0 0.325000 0.622222 0.054688 0.069444
0 0.285938 0.552083 0.050000 0.056944
0 0.432422 0.519444 0.032031 0.050000
0 0.451172 0.460417 0.024219 0.031944
0 0.565625 0.433333 0.018750 0.027778
0 0.590234 0.420139 0.014844 0.023611
0 0.557422 0.409722 0.013281 0.019444
0 0.580469 0.404167 0.012500 0.016667
0 0.439453 0.408333 0.016406 0.016667
0 0.471875 0.394444 0.015625 0.022222
0 0.459375 0.380556 0.010937 0.013889
0 0.525000 0.379861 0.012500 0.015278
0 0.544141 0.381944 0.013281 0.019444
1 0.562891 0.373611 0.014844 0.027778
1 0.446875 0.391667 0.015625 0.025000
1 0.403125 0.436806 0.053125 0.104167
1 0.599219 0.634722 0.057813 0.130556
