0 0.340625 0.824306 0.087500 0.126389
0 0.233984 0.754167 0.092969 0.116667
0 0.192188 0.654167 0.068750 0.075000
0 0.403906 0.596528 0.050000 0.076389
0 0.635547 0.749306 0.080469 0.140278
0 0.796875 0.818056 0.114062 0.186111
0 0.899609 0.772222 0.108594 0.150000
0 0.613281 0.521528 0.034375 0.054167
0 0.344141 0.485417 0.030469 0.040278
0 0.375391 0.526389 0.036719 0.044444
0 0.443359 0.478472 0.025781 0.040278
0 0.584375 0.461806 0.021875 0.031944
0 0.612109 0.444444 0.019531 0.027778
0 0.637500 0.477083 0.026562 0.040278
0 0.460938 0.436806 0.018750 0.026389
0 0.533594 0.408333 0.015625 0.027778
0 0.556250 0.407639 0.015625 0.023611
0 0.446875 0.399306 0.017188 0.020833
1 0.576953 0.388889 0.022656 0.036111
1 0.417578 0.415278 0.042969 0.083333
