1 0.378516 0.465278 0.072656 0.136111
1 0.545312 0.456250 0.026562 0.051389
0 0.700000 0.886111 0.106250 0.211111
0 0.198437 0.861111 0.115625 0.144444
0 0.164453 0.695139 0.091406 0.101389
0 0.410938 0.593056 0.043750 0.069444
0 0.748828 0.723611 0.080469 0.125000
0 0.645703 0.488194 0.030469 0.043056
0 0.573438 0.441667 0.025000 0.030556
0 0.601172 0.425000 0.019531 0.033333
0 0.442188 0.495833 0.026562 0.044444
0 0.428125 0.425694 0.020313 0.029167
0 0.530859 0.413194 0.019531 0.023611
0 0.559766 0.415972 0.016406 0.020833
0 0.429297 0.386806 0.010156 0.018056
0 0.454297 0.386806 0.013281 0.012500
0 0.550391 0.395833 0.013281 0.016667
0 0.568750 0.389583 0.012500 0.018056
1 0.554297 0.361806 0.013281 0.026389
1 0.439844 0.400694 0.014063 0.023611
1 0.467969 0.405556 0.015625 0.025000
