0 0.359766 0.763194 0.080469 0.123611
0 0.422656 0.556250 0.039062 0.054167
0 0.564844 0.502778 0.031250 0.050000
0 0.705078 0.559028 0.053906 0.079167
0 0.591797 0.467361 0.022656 0.037500
0 0.416016 0.441667 0.021094 0.033333
0 0.417969 0.400694 0.012500 0.018056
0 0.432422 0.381944 0.011719 0.016667
0 0.448437 0.395139 0.012500 0.018056
0 0.471484 0.396528 0.013281 0.015278
0 0.458203 0.379167 0.008594 0.013889
0 0.479687 0.381250 0.010937 0.012500
0 0.449609 0.368056 0.008594 0.011111
0 0.523828 0.380556 0.013281 0.016667
0 0.547266 0.384028 0.011719 0.018056
0 0.552344 0.397917 0.012500 0.018056
0 0.573828 0.390972 0.011719 0.018056
0 0.594141 0.423611 0.014844 0.022222
1 0.462500 0.416667 0.018750 0.022222
1 0.335547 0.529167 0.107031 0.202778
1 0.549219 0.354861 0.010937 0.020833
1 0.430859 0.413889 0.021094 0.027778
