0 0.176953 0.860417 0.124219 0.151389
0 0.326953 0.872917 0.100781 0.170833
0 0.406250 0.590278 0.048438 0.063889
0 0.353125 0.552083 0.043750 0.056944
0 0.317578 0.510417 0.036719 0.040278
0 0.430469 0.501389 0.032813 0.047222
0 0.407813 0.469444 0.021875 0.033333
0 0.383594 0.435417 0.023438 0.034722
0 0.574609 0.534028 0.042969 0.070833
0 0.602344 0.491667 0.029687 0.055556
0 0.754297 0.618750 0.061719 0.098611
0 0.745703 0.753472 0.077344 0.131944
0 0.940625 0.855556 0.112500 0.175000
0 0.546484 0.457639 0.024219 0.029167
0 0.574609 0.439583 0.021094 0.037500
0 0.452734 0.442361 0.019531 0.031944
0 0.466797 0.411806 0.014844 0.020833
0 0.531250 0.396528 0.015625 0.023611
0 0.585938 0.404861 0.017188 0.020833
0 0.454297 0.387500 0.014844 0.019444
0 0.480078 0.375694 0.014844 0.018056
1 0.429297 0.397222 0.032031 0.069444
1 0.615625 0.431944 0.035937 0.061111
