1 0.435156 0.391667 0.035937 0.072222
1 0.631641 0.450694 0.041406 0.059722
0 0.355078 0.770833 0.077344 0.133333
0 0.240625 0.752083 0.087500 0.104167
0 0.413281 0.563194 0.040625 0.054167
0 0.364453 0.530556 0.035156 0.055556
0 0.332422 0.490972 0.030469 0.034722
0 0.608594 0.643056 0.056250 0.113889
0 0.626953 0.539583 0.038281 0.059722
0 0.866016 0.752083 0.100781 0.134722
0 0.556641 0.492361 0.032031 0.045833
0 0.585938 0.458333 0.023438 0.038889
0 0.532422 0.404167 0.021094 0.033333
0 0.434375 0.488889 0.026562 0.041667
0 0.412500 0.458333 0.023438 0.030556
0 0.389844 0.429167 0.023438 0.030556
0 0.456641 0.436806 0.019531 0.026389
0 0.469922 0.409028 0.016406 0.023611
0 0.592578 0.413889 0.013281 0.025000
0 0.580469 0.397917 0.015625 0.020833
0 0.565625 0.381944 0.014063 0.019444
0 0.546875 0.377778 0.012500 0.013889
0 0.480469 0.372222 0.012500 0.016667
0 0.456250 0.383333 0.010937 0.016667
