1 0.121484 0.650694 0.232031 0.234722
1 0.437500 0.387500 0.031250 0.063889
1 0.692187 0.515278 0.068750 0.113889
0 0.769141 0.794444 0.102344 0.152778
0 0.620313 0.695833 0.064062 0.113889
0 0.632031 0.539583 0.039062 0.065278
0 0.392578 0.640278 0.060156 0.086111
0 0.312891 0.623611 0.058594 0.072222
0 0.425000 0.520833 0.031250 0.041667
0 0.386328 0.493056 0.032031 0.038889
0 0.358203 0.459722 0.025781 0.033333
0 0.440625 0.462500 0.026562 0.033333
0 0.542578 0.444444 0.025781 0.038889
0 0.617969 0.442361 0.020313 0.037500
0 0.402734 0.414583 0.016406 0.023611
0 0.419922 0.443056 0.019531 0.025000
0 0.459766 0.423611 0.016406 0.025000
0 0.472656 0.403472 0.014063 0.018056
0 0.551953 0.389583 0.014844 0.018056
0 0.574609 0.394444 0.013281 0.019444
0 0.596484 0.420139 0.016406 0.020833
