1 0.426172 0.398611 0.033594 0.072222
1 0.599609 0.415972 0.028906 0.054167
0 0.783203 0.655556 0.061719 0.094444
0 0.663281 0.609722 0.053125 0.080556
0 0.691406 0.537500 0.042188 0.055556
0 0.397266 0.629861 0.052344 0.076389
0 0.335547 0.582639 0.052344 0.070833
0 0.296875 0.534028 0.037500 0.051389
0 0.423828 0.518750 0.033594 0.051389
0 0.400781 0.478472 0.025000 0.037500
0 0.373437 0.449306 0.025000 0.031944
0 0.451562 0.449306 0.018750 0.034722
0 0.465234 0.417361 0.017969 0.020833
0 0.558594 0.482639 0.028125 0.051389
0 0.582812 0.461111 0.018750 0.033333
0 0.541797 0.429167 0.021094 0.033333
0 0.565625 0.419444 0.017188 0.027778
0 0.526953 0.384028 0.014844 0.023611
0 0.576953 0.393750 0.013281 0.023611
0 0.477734 0.377083 0.014844 0.020833
0 0.450391 0.388194 0.014844 0.020833
