1 0.197656 0.722222 0.232813 0.358333
1 0.293359 0.497222 0.072656 0.100000
1 0.444141 0.379861 0.024219 0.054167
0 0.365625 0.729167 0.065625 0.105556
0 0.365625 0.537500 0.039062 0.052778
0 0.421094 0.540972 0.034375 0.054167
0 0.595703 0.620833 0.053906 0.102778
0 0.706250 0.546528 0.045312 0.070833
0 0.647266 0.484722 0.032031 0.044444
0 0.601172 0.429167 0.017969 0.033333
0 0.571094 0.427778 0.018750 0.033333
0 0.439844 0.480556 0.031250 0.038889
0 0.406250 0.455556 0.021875 0.030556
0 0.383984 0.431250 0.021094 0.023611
0 0.430078 0.426389 0.017969 0.027778
0 0.452344 0.434722 0.018750 0.033333
0 0.463672 0.409028 0.011719 0.026389
0 0.475391 0.391667 0.011719 0.019444
0 0.418359 0.395139 0.013281 0.026389
0 0.532813 0.396528 0.015625 0.020833
0 0.547266 0.387500 0.014844 0.019444
0 0.566797 0.386111 0.013281 0.016667
0 0.523438 0.377083 0.010937 0.015278
