1 0.751563 0.577083 0.101562 0.165278
1 0.117578 0.829167 0.230469 0.333333
1 0.233203 0.572917 0.091406 0.162500
1 0.440625 0.386806 0.028125 0.059722
0 0.337891 0.589583 0.049219 0.065278
0 0.401953 0.595833 0.046094 0.069444
0 0.685156 0.625000 0.057813 0.097222
0 0.553125 0.477778 0.031250 0.052778
0 0.431250 0.505556 0.029687 0.044444
0 0.395703 0.478472 0.028906 0.037500
0 0.369141 0.450000 0.021094 0.030556
0 0.424609 0.438194 0.016406 0.026389
0 0.446094 0.452778 0.021875 0.036111
0 0.460547 0.418056 0.014844 0.025000
0 0.408984 0.409028 0.014844 0.026389
0 0.473828 0.400000 0.013281 0.019444
0 0.556641 0.401389 0.014844 0.025000
0 0.582422 0.404861 0.014844 0.026389
0 0.609375 0.438194 0.020313 0.029167
0 0.638281 0.466667 0.025000 0.041667
0 0.526172 0.381250 0.011719 0.015278
0 0.541797 0.379167 0.010156 0.016667
0 0.558203 0.372917 0.010156 0.015278
0 0.302344 0.930556 0.107813 0.138889
