1 0.143750 0.787500 0.279687 0.386111
1 0.878516 0.700000 0.099219 0.227778
1 0.243750 0.525000 0.121875 0.138889
1 0.442578 0.382639 0.030469 0.054167
0 0.336719 0.817361 0.082812 0.129167
0 0.350781 0.557639 0.043750 0.051389
0 0.413672 0.567361 0.042969 0.062500
0 0.565625 0.525694 0.039062 0.065278
0 0.664453 0.497222 0.033594 0.047222
0 0.624219 0.456944 0.025000 0.038889
0 0.591797 0.416667 0.021094 0.036111
0 0.560547 0.412500 0.021094 0.030556
0 0.436328 0.491667 0.028906 0.038889
0 0.402344 0.468750 0.026562 0.040278
0 0.376563 0.442361 0.021875 0.026389
0 0.447656 0.445139 0.023438 0.031944
0 0.426172 0.433333 0.017969 0.030556
0 0.412891 0.403472 0.017969 0.026389
0 0.461328 0.415278 0.016406 0.027778
0 0.475000 0.394444 0.014063 0.022222
0 0.528125 0.389583 0.014063 0.020833
0 0.543359 0.383333 0.011719 0.019444
0 0.561719 0.378472 0.009375 0.015278
0 0.783594 0.794444 0.101562 0.169444
