1 0.419531 0.409722 0.039062 0.083333
1 0.582422 0.390972 0.022656 0.040278
0 0.367578 0.735417 0.078906 0.104167
0 0.276953 0.674306 0.067969 0.084722
0 0.236719 0.603472 0.056250 0.062500
0 0.411719 0.565278 0.040625 0.069444
0 0.644922 0.581944 0.046094 0.063889
0 0.664844 0.511111 0.029687 0.050000
0 0.599609 0.493750 0.028906 0.048611
0 0.630859 0.466667 0.021094 0.033333
0 0.388281 0.507639 0.035937 0.040278
0 0.353516 0.470139 0.028906 0.043056
0 0.446094 0.468750 0.025000 0.034722
0 0.461328 0.429861 0.016406 0.026389
0 0.539062 0.425000 0.021875 0.033333
0 0.562891 0.419444 0.016406 0.027778
0 0.530859 0.397917 0.014844 0.020833
0 0.551953 0.395833 0.014844 0.019444
0 0.447266 0.393750 0.014844 0.018056
