0 0.382031 0.676389 0.059375 0.088889
0 0.312109 0.619444 0.052344 0.077778
0 0.272656 0.563889 0.045312 0.055556
0 0.419531 0.538889 0.032813 0.058333
0 0.394922 0.493750 0.028906 0.037500
0 0.366016 0.455556 0.025781 0.030556
0 0.625000 0.539583 0.032813 0.056944
0 0.656641 0.497917 0.030469 0.051389
0 0.712500 0.567361 0.042188 0.062500
0 0.712109 0.702083 0.077344 0.118056
0 0.546875 0.447917 0.023438 0.040278
0 0.572656 0.438889 0.018750 0.027778
0 0.533984 0.413889 0.016406 0.025000
0 0.557813 0.406944 0.015625 0.025000
0 0.450781 0.457639 0.023438 0.031944
0 0.466406 0.424306 0.018750 0.023611
0 0.450781 0.390972 0.014063 0.018056
0 0.526563 0.379861 0.014063 0.020833
0 0.572266 0.386111 0.013281 0.019444
1 0.591797 0.404167 0.027344 0.047222
1 0.424219 0.402778 0.039062 0.075000
