1 0.093359 0.760417 0.182031 0.381944
1 0.435547 0.386111 0.028906 0.061111
1 0.657422 0.480556 0.053906 0.094444
0 0.677344 0.627083 0.056250 0.079167
0 0.581641 0.563194 0.035156 0.068056
0 0.606250 0.490972 0.028125 0.045833
0 0.376563 0.693056 0.064062 0.097222
0 0.283594 0.675694 0.071875 0.095833
0 0.419531 0.538194 0.032813 0.048611
0 0.380859 0.507639 0.030469 0.045833
0 0.344922 0.472222 0.024219 0.038889
0 0.397266 0.421528 0.024219 0.029167
0 0.417187 0.451389 0.021875 0.027778
0 0.438281 0.471528 0.020313 0.037500
0 0.456641 0.430556 0.016406 0.027778
0 0.471094 0.405556 0.014063 0.016667
0 0.537891 0.421528 0.021094 0.034722
0 0.548828 0.382639 0.014844 0.018056
0 0.569922 0.387500 0.011719 0.019444
0 0.585156 0.407639 0.015625 0.023611
0 0.603906 0.428472 0.020313 0.031944
