0 0.663281 0.829167 0.106250 0.216667
0 0.771484 0.625000 0.063281 0.105556
0 0.680469 0.521528 0.039062 0.054167
0 0.381641 0.672917 0.058594 0.087500
0 0.376953 0.515278 0.033594 0.044444
0 0.425391 0.519444 0.032031 0.050000
0 0.580859 0.449306 0.024219 0.034722
0 0.616016 0.447222 0.024219 0.038889
0 0.535156 0.406250 0.017188 0.023611
0 0.442969 0.469444 0.026562 0.036111
0 0.413281 0.450000 0.023438 0.027778
0 0.391016 0.424306 0.017969 0.023611
0 0.432422 0.419444 0.014844 0.019444
0 0.454688 0.430556 0.017188 0.027778
0 0.465625 0.402778 0.014063 0.022222
0 0.477344 0.388194 0.010937 0.018056
0 0.524219 0.381944 0.012500 0.016667
0 0.543750 0.375000 0.010937 0.016667
0 0.549219 0.390278 0.012500 0.022222
0 0.571094 0.388889 0.012500 0.019444
1 0.444922 0.376389 0.024219 0.050000
1 0.250000 0.656944 0.178125 0.283333
