1 0.287500 0.604167 0.140625 0.227778
1 0.446484 0.375694 0.024219 0.048611
0 0.915234 0.797917 0.117969 0.173611
0 0.339062 0.854167 0.096875 0.147222
0 0.395703 0.631944 0.049219 0.075000
0 0.737109 0.586111 0.052344 0.066667
0 0.597266 0.478472 0.028906 0.037500
0 0.385156 0.500694 0.032813 0.045833
0 0.432812 0.506250 0.029687 0.051389
0 0.446094 0.461806 0.021875 0.031944
0 0.417187 0.440972 0.020313 0.029167
0 0.396484 0.418056 0.016406 0.022222
0 0.435156 0.415972 0.015625 0.023611
0 0.455469 0.425694 0.015625 0.026389
0 0.467187 0.402083 0.010937 0.020833
0 0.428516 0.390972 0.013281 0.020833
0 0.477734 0.388194 0.010156 0.015278
0 0.540234 0.422222 0.017969 0.025000
0 0.553516 0.403472 0.013281 0.020833
0 0.578516 0.399306 0.014844 0.023611
0 0.527734 0.390278 0.014844 0.019444
0 0.525781 0.368750 0.009375 0.015278
0 0.547266 0.381250 0.010156 0.018056
0 0.639062 0.473611 0.026562 0.047222
