0 0.326562 0.868056 0.095312 0.155556
0 0.267969 0.680556 0.078125 0.097222
0 0.402344 0.637500 0.054688 0.075000
0 0.419922 0.548611 0.033594 0.058333
0 0.754687 0.749306 0.092188 0.137500
0 0.805469 0.657639 0.065625 0.126389
0 0.568750 0.499306 0.032813 0.054167
0 0.533594 0.424306 0.018750 0.037500
0 0.443359 0.470139 0.025781 0.040278
0 0.405078 0.468056 0.028906 0.038889
0 0.573828 0.442361 0.022656 0.031944
0 0.609375 0.440972 0.021875 0.029167
0 0.558984 0.402778 0.014844 0.027778
0 0.528906 0.388194 0.017188 0.020833
0 0.455078 0.436806 0.022656 0.029167
0 0.426953 0.425000 0.019531 0.025000
0 0.413672 0.399306 0.013281 0.018056
0 0.441406 0.405556 0.014063 0.019444
0 0.463281 0.409028 0.015625 0.026389
0 0.472656 0.393750 0.010937 0.020833
1 0.350391 0.513194 0.075781 0.137500
1 0.450391 0.368056 0.025781 0.044444
