1 0.078906 0.771528 0.154688 0.240278
1 0.373047 0.478472 0.055469 0.112500
1 0.453906 0.368056 0.021875 0.044444
0 0.630078 0.669444 0.066406 0.111111
0 0.382812 0.682639 0.060937 0.093056
0 0.323437 0.595833 0.053125 0.075000
0 0.419531 0.575694 0.042188 0.062500
0 0.431250 0.509722 0.029687 0.044444
0 0.414844 0.447917 0.025000 0.031944
0 0.451562 0.450000 0.020313 0.027778
0 0.432812 0.413889 0.015625 0.022222
0 0.424219 0.392361 0.012500 0.018056
0 0.460156 0.425694 0.017188 0.020833
0 0.533594 0.406944 0.015625 0.030556
0 0.570312 0.425694 0.018750 0.026389
0 0.546484 0.479167 0.025781 0.038889
0 0.601953 0.494444 0.030469 0.041667
0 0.565234 0.382639 0.011719 0.015278
0 0.542188 0.378472 0.009375 0.018056
0 0.653125 0.493056 0.029687 0.044444
0 0.466406 0.402778 0.015625 0.019444
0 0.474609 0.387500 0.011719 0.016667
