0 0.169141 0.851389 0.125781 0.155556
0 0.367969 0.751389 0.075000 0.111111
0 0.407031 0.598611 0.043750 0.069444
0 0.621484 0.521528 0.038281 0.051389
0 0.667188 0.505556 0.034375 0.058333
0 0.826172 0.693056 0.080469 0.105556
0 0.393359 0.488889 0.030469 0.044444
0 0.436719 0.493056 0.029687 0.050000
0 0.448437 0.452083 0.021875 0.029167
0 0.420703 0.434028 0.019531 0.026389
0 0.403125 0.409722 0.015625 0.022222
0 0.436328 0.411111 0.014844 0.019444
0 0.459766 0.417361 0.014844 0.023611
0 0.469141 0.399306 0.013281 0.023611
0 0.477734 0.383333 0.010156 0.013889
0 0.430469 0.384028 0.010937 0.020833
0 0.526172 0.374306 0.011719 0.018056
0 0.528906 0.397917 0.014063 0.020833
0 0.549219 0.387500 0.012500 0.016667
0 0.557813 0.413889 0.018750 0.025000
0 0.546484 0.438194 0.019531 0.029167
0 0.585938 0.409722 0.017188 0.022222
1 0.314063 0.566667 0.115625 0.188889
1 0.448828 0.373611 0.024219 0.047222
