1 0.196094 0.620833 0.104688 0.147222
1 0.383984 0.455556 0.042969 0.094444
1 0.455859 0.365972 0.022656 0.045833
0 0.581641 0.607639 0.047656 0.081944
0 0.664062 0.603472 0.051562 0.079167
0 0.750391 0.607639 0.057031 0.076389
0 0.357422 0.761806 0.080469 0.118056
0 0.224609 0.772222 0.083594 0.105556
0 0.406250 0.593750 0.043750 0.062500
0 0.357031 0.536806 0.040625 0.056944
0 0.431250 0.532639 0.034375 0.048611
0 0.439453 0.479167 0.024219 0.036111
0 0.542188 0.441667 0.021875 0.036111
0 0.591797 0.463889 0.022656 0.036111
0 0.457422 0.436806 0.019531 0.031944
0 0.421875 0.436111 0.018750 0.025000
0 0.437109 0.406944 0.016406 0.022222
0 0.463672 0.415278 0.016406 0.016667
0 0.430469 0.384722 0.010937 0.016667
0 0.448047 0.393750 0.013281 0.015278
0 0.469922 0.395139 0.013281 0.015278
0 0.549219 0.395139 0.012500 0.020833
0 0.574609 0.395139 0.013281 0.018056
0 0.523047 0.368056 0.011719 0.019444
0 0.553125 0.363889 0.010937 0.013889
0 0.560937 0.375000 0.010937 0.011111
