0 0.323047 0.884028 0.102344 0.173611
0 0.156250 0.890972 0.121875 0.151389
0 0.396875 0.630556 0.048438 0.077778
0 0.341797 0.558333 0.046094 0.058333
0 0.425391 0.548611 0.033594 0.055556
0 0.434375 0.493056 0.028125 0.036111
0 0.558984 0.527778 0.035156 0.058333
0 0.625781 0.539583 0.039062 0.056944
0 0.691797 0.539583 0.041406 0.062500
0 0.537500 0.425000 0.018750 0.036111
0 0.580469 0.442361 0.021875 0.031944
0 0.569922 0.387500 0.011719 0.019444
0 0.546484 0.385417 0.011719 0.018056
0 0.522266 0.362500 0.010156 0.019444
0 0.453906 0.443750 0.020313 0.029167
0 0.418359 0.442361 0.022656 0.031944
0 0.435547 0.409722 0.014844 0.022222
0 0.462109 0.417361 0.017969 0.018056
0 0.467578 0.395833 0.014844 0.019444
0 0.446094 0.394444 0.014063 0.019444
0 0.427344 0.388194 0.015625 0.018056
1 0.455469 0.364583 0.020313 0.037500
1 0.379297 0.465972 0.050781 0.095833
1 0.143750 0.684028 0.134375 0.181944
