1 0.335547 0.541667 0.094531 0.169444
1 0.450781 0.372917 0.028125 0.051389
0 0.232422 0.749306 0.094531 0.120833
0 0.387891 0.683333 0.061719 0.091667
0 0.668750 0.598611 0.056250 0.075000
0 0.715625 0.564583 0.048438 0.084722
0 0.414062 0.570139 0.039062 0.062500
0 0.554688 0.464583 0.026562 0.037500
0 0.440625 0.477778 0.028125 0.041667
0 0.400781 0.475694 0.028125 0.037500
0 0.425000 0.428472 0.020313 0.026389
0 0.452344 0.444444 0.020313 0.025000
0 0.461328 0.415278 0.016406 0.025000
0 0.439453 0.409722 0.013281 0.019444
0 0.409766 0.406944 0.017969 0.022222
0 0.472266 0.395139 0.014844 0.018056
0 0.479297 0.381250 0.011719 0.020833
0 0.527344 0.382639 0.015625 0.020833
0 0.552344 0.395139 0.012500 0.018056
0 0.530859 0.409722 0.014844 0.022222
0 0.565625 0.426389 0.017188 0.025000
0 0.596484 0.424306 0.019531 0.026389
0 0.556250 0.368056 0.009375 0.013889
