0 0.636328 0.795833 0.088281 0.152778
0 0.744141 0.747222 0.086719 0.136111
0 0.875000 0.755556 0.098437 0.130556
0 0.380469 0.686111 0.062500 0.088889
0 0.269531 0.688194 0.067187 0.084722
0 0.414844 0.566667 0.037500 0.058333
0 0.370312 0.514583 0.035937 0.045833
0 0.434375 0.513889 0.029687 0.041667
0 0.442578 0.472222 0.024219 0.036111
0 0.550000 0.471528 0.028125 0.045833
0 0.609766 0.497222 0.032031 0.044444
0 0.458594 0.430556 0.018750 0.027778
0 0.425781 0.430556 0.017188 0.027778
0 0.439844 0.402778 0.012500 0.022222
0 0.432031 0.379167 0.010937 0.013889
0 0.450000 0.391667 0.012500 0.019444
0 0.553516 0.404861 0.014844 0.020833
0 0.582812 0.407639 0.015625 0.023611
0 0.466016 0.411111 0.016406 0.019444
0 0.523828 0.372917 0.011719 0.018056
1 0.237500 0.579861 0.085938 0.120833
1 0.387500 0.442361 0.035937 0.087500
1 0.457422 0.361111 0.021094 0.038889
