0 0.362109 0.753472 0.072656 0.118056
0 0.300781 0.631944 0.060937 0.083333
0 0.409766 0.599306 0.044531 0.068056
0 0.425391 0.529167 0.032031 0.052778
0 0.591797 0.563889 0.041406 0.075000
0 0.585938 0.463889 0.025000 0.038889
0 0.628516 0.465278 0.027344 0.044444
0 0.538281 0.447917 0.023438 0.034722
0 0.448047 0.459028 0.024219 0.040278
0 0.409375 0.456944 0.025000 0.038889
0 0.457813 0.429861 0.020313 0.020833
0 0.430469 0.417361 0.018750 0.023611
0 0.419531 0.396528 0.014063 0.020833
0 0.442969 0.400694 0.014063 0.018056
0 0.464453 0.406944 0.013281 0.025000
0 0.473438 0.390278 0.010937 0.013889
0 0.530469 0.398611 0.015625 0.025000
0 0.563281 0.414583 0.014063 0.023611
0 0.560937 0.377083 0.010937 0.020833
0 0.540234 0.372917 0.008594 0.018056
0 0.521875 0.357639 0.009375 0.018056
1 0.363672 0.491667 0.066406 0.122222
1 0.451953 0.367361 0.022656 0.040278
