0 0.623437 0.674306 0.068750 0.143056
0 0.743750 0.606944 0.056250 0.080556
0 0.645312 0.485417 0.032813 0.048611
0 0.550000 0.436111 0.020313 0.027778
0 0.412109 0.594444 0.046094 0.066667
0 0.312891 0.627778 0.058594 0.080556
0 0.197656 0.647917 0.076563 0.073611
0 0.058203 0.850000 0.108594 0.122222
0 0.294922 0.543750 0.039844 0.051389
0 0.336328 0.490972 0.032031 0.037500
0 0.388672 0.484028 0.028906 0.037500
0 0.439453 0.506944 0.030469 0.041667
0 0.413281 0.449306 0.023438 0.029167
0 0.448047 0.466667 0.025781 0.030556
0 0.456641 0.441667 0.019531 0.022222
0 0.433594 0.414583 0.018750 0.023611
0 0.463672 0.408333 0.014844 0.019444
0 0.578125 0.400694 0.012500 0.020833
0 0.546875 0.384722 0.015625 0.019444
0 0.524219 0.377083 0.010937 0.015278
0 0.446484 0.395833 0.011719 0.019444
1 0.417578 0.384722 0.021094 0.052778
1 0.382812 0.430556 0.026562 0.050000
