0 0.365234 0.790278 0.086719 0.125000
0 0.200000 0.815972 0.100000 0.131944
0 0.066797 0.811111 0.124219 0.127778
0 0.327344 0.593056 0.046875 0.061111
0 0.407422 0.595833 0.046094 0.066667
0 0.584375 0.580556 0.043750 0.088889
0 0.679688 0.613194 0.054688 0.076389
0 0.424609 0.526389 0.032031 0.050000
0 0.391406 0.481250 0.028125 0.037500
0 0.442578 0.486806 0.027344 0.029167
0 0.448828 0.452083 0.022656 0.031944
0 0.427344 0.420139 0.017188 0.023611
0 0.462109 0.417361 0.016406 0.020833
0 0.568359 0.433333 0.017969 0.022222
0 0.603125 0.431944 0.020313 0.027778
0 0.442969 0.395833 0.012500 0.016667
0 0.438281 0.375694 0.010937 0.015278
0 0.469922 0.403472 0.014844 0.015278
0 0.526172 0.384722 0.011719 0.019444
0 0.562109 0.377083 0.011719 0.012500
0 0.573828 0.392361 0.011719 0.015278
0 0.473047 0.386806 0.013281 0.015278
1 0.460156 0.361111 0.018750 0.036111
1 0.390625 0.428472 0.035937 0.068056
1 0.292969 0.522222 0.057813 0.086111
