0 0.325391 0.913889 0.113281 0.158333
0 0.300391 0.632639 0.057031 0.070833
0 0.395703 0.633333 0.053906 0.077778
0 0.419922 0.545139 0.036719 0.054167
0 0.382031 0.495833 0.034375 0.044444
0 0.437500 0.497917 0.028125 0.034722
0 0.444531 0.460417 0.021875 0.031944
0 0.562109 0.510417 0.035156 0.059722
0 0.632812 0.538889 0.039062 0.058333
0 0.560156 0.417361 0.015625 0.026389
0 0.591797 0.417361 0.017969 0.023611
0 0.567969 0.385417 0.010937 0.018056
0 0.558984 0.372917 0.011719 0.015278
0 0.523438 0.376389 0.010937 0.016667
0 0.460938 0.425694 0.017188 0.020833
0 0.429297 0.427083 0.017969 0.023611
0 0.442188 0.400694 0.014063 0.018056
0 0.436328 0.377778 0.013281 0.013889
0 0.451562 0.388889 0.010937 0.013889
0 0.467187 0.406944 0.014063 0.016667
0 0.472266 0.388889 0.013281 0.013889
0 0.479297 0.377083 0.010156 0.012500
1 0.457813 0.360417 0.018750 0.034722
1 0.389453 0.436111 0.035156 0.072222
1 0.269141 0.546528 0.069531 0.095833
