1 0.349609 0.464583 0.039844 0.068056
1 0.403516 0.404167 0.028906 0.055556
1 0.426953 0.381944 0.017969 0.041667
1 0.462500 0.355556 0.017188 0.033333
0 0.163672 0.702778 0.077344 0.086111
0 0.348047 0.820833 0.097656 0.158333
0 0.267578 0.572222 0.053906 0.058333
0 0.341406 0.565278 0.042188 0.058333
0 0.419141 0.584028 0.041406 0.065278
0 0.666016 0.603472 0.049219 0.076389
0 0.728906 0.581250 0.053125 0.073611
0 0.432812 0.509722 0.032813 0.047222
0 0.385547 0.497222 0.028906 0.036111
0 0.444531 0.473611 0.025000 0.033333
0 0.542188 0.435417 0.021875 0.040278
0 0.609375 0.438194 0.020313 0.029167
0 0.584375 0.408333 0.017188 0.025000
0 0.417578 0.441667 0.024219 0.027778
0 0.452734 0.450000 0.022656 0.022222
0 0.456641 0.426389 0.016406 0.022222
0 0.440234 0.406944 0.014844 0.019444
0 0.468750 0.402778 0.014063 0.019444
0 0.449609 0.386806 0.011719 0.015278
0 0.473438 0.388889 0.012500 0.013889
0 0.530078 0.383333 0.011719 0.016667
0 0.558594 0.374306 0.009375 0.015278
