0 0.172656 0.878472 0.132812 0.156944
0 0.210938 0.647917 0.065625 0.079167
0 0.289453 0.545833 0.044531 0.052778
0 0.357031 0.540278 0.035937 0.050000
0 0.425000 0.560417 0.039062 0.056944
0 0.744922 0.740972 0.078906 0.123611
0 0.819531 0.685417 0.084375 0.112500
0 0.392969 0.483333 0.026562 0.038889
0 0.437109 0.497222 0.028906 0.044444
0 0.448437 0.464583 0.026562 0.026389
0 0.550391 0.458333 0.025781 0.047222
0 0.625391 0.459722 0.022656 0.033333
0 0.594141 0.419444 0.019531 0.027778
0 0.531641 0.391667 0.014844 0.022222
0 0.562109 0.380556 0.010156 0.016667
0 0.422266 0.434722 0.021094 0.027778
0 0.458594 0.420139 0.014063 0.020833
0 0.440625 0.404167 0.012500 0.016667
0 0.450781 0.384722 0.010937 0.016667
0 0.470703 0.400000 0.013281 0.016667
0 0.474609 0.388194 0.013281 0.012500
1 0.430078 0.379861 0.014844 0.040278
1 0.408984 0.397917 0.027344 0.051389
1 0.358984 0.454167 0.036719 0.058333
