1 0.367188 0.445833 0.034375 0.061111
1 0.413281 0.392361 0.026562 0.054167
1 0.433984 0.376389 0.013281 0.038889
1 0.464062 0.356944 0.017188 0.033333
0 0.453125 0.383333 0.014063 0.016667
0 0.471484 0.396528 0.013281 0.018056
0 0.458984 0.416667 0.016406 0.019444
0 0.443359 0.402083 0.014844 0.018056
0 0.537109 0.402083 0.013281 0.020833
0 0.566406 0.386111 0.012500 0.016667
0 0.541406 0.374306 0.009375 0.012500
0 0.605859 0.436111 0.021094 0.030556
0 0.562891 0.497917 0.032031 0.059722
0 0.649609 0.488194 0.030469 0.040278
0 0.431250 0.538194 0.034375 0.048611
0 0.370703 0.517361 0.032031 0.045833
0 0.309375 0.522917 0.042188 0.043056
0 0.402344 0.468056 0.025000 0.033333
0 0.442188 0.484722 0.028125 0.041667
0 0.426172 0.426389 0.017969 0.025000
0 0.452344 0.455556 0.020313 0.025000
0 0.387500 0.672917 0.067187 0.095833
0 0.241016 0.749306 0.094531 0.112500
0 0.248047 0.602083 0.053906 0.068056
