0 0.282813 0.679861 0.071875 0.093056
0 0.141016 0.710417 0.096094 0.093056
0 0.400391 0.634722 0.053906 0.083333
0 0.272266 0.572917 0.046094 0.056944
0 0.323828 0.506944 0.036719 0.047222
0 0.379297 0.502083 0.030469 0.045833
0 0.433594 0.522917 0.029687 0.045833
0 0.582422 0.554167 0.039844 0.083333
0 0.683594 0.532639 0.037500 0.059722
0 0.621484 0.454861 0.028906 0.040278
0 0.542578 0.420139 0.016406 0.026389
0 0.443750 0.477083 0.025000 0.034722
0 0.408203 0.459028 0.025781 0.034722
0 0.430078 0.421528 0.019531 0.026389
0 0.455078 0.449306 0.021094 0.026389
0 0.458984 0.429861 0.017969 0.018056
0 0.462109 0.411806 0.016406 0.018056
0 0.446094 0.398611 0.012500 0.019444
0 0.454297 0.381944 0.011719 0.016667
0 0.471875 0.392361 0.012500 0.018056
0 0.542969 0.377083 0.010937 0.015278
0 0.570703 0.393056 0.011719 0.019444
1 0.375391 0.437500 0.030469 0.052778
1 0.416406 0.386806 0.026562 0.048611
