0 0.400781 0.652778 0.053125 0.083333
0 0.294922 0.646528 0.058594 0.076389
0 0.199609 0.649306 0.075781 0.079167
0 0.361719 0.534028 0.034375 0.054167
0 0.422656 0.544444 0.039062 0.061111
0 0.597656 0.484028 0.026562 0.043056
0 0.642578 0.479167 0.028906 0.041667
0 0.435156 0.497917 0.028125 0.040278
0 0.407422 0.456250 0.027344 0.034722
0 0.448437 0.467361 0.023438 0.026389
0 0.453906 0.437500 0.021875 0.025000
0 0.530469 0.403472 0.017188 0.026389
0 0.587109 0.410417 0.016406 0.023611
0 0.571094 0.388889 0.015625 0.025000
0 0.435156 0.411806 0.015625 0.020833
0 0.466797 0.411111 0.016406 0.022222
0 0.446875 0.391667 0.014063 0.019444
0 0.471875 0.393750 0.012500 0.012500
1 0.326562 0.489583 0.045312 0.073611
1 0.397656 0.414583 0.029687 0.059722
1 0.461328 0.358333 0.016406 0.038889
