1 0.625391 0.715278 0.072656 0.150000
1 0.763281 0.745833 0.092188 0.125000
1 0.384766 0.709028 0.066406 0.095833
1 0.254688 0.716667 0.071875 0.100000
1 0.141797 0.718750 0.097656 0.095833
1 0.345313 0.561806 0.040625 0.054167
1 0.416797 0.568056 0.044531 0.058333
1 0.580859 0.454861 0.022656 0.031944
1 0.619531 0.452083 0.023438 0.031944
1 0.527734 0.393056 0.016406 0.025000
1 0.579297 0.400000 0.013281 0.019444
1 0.566016 0.382639 0.011719 0.018056
1 0.430469 0.511806 0.031250 0.043056
1 0.399219 0.469444 0.028125 0.038889
1 0.446094 0.477778 0.023438 0.033333
1 0.451172 0.445833 0.019531 0.027778
1 0.433203 0.415972 0.014844 0.020833
1 0.464844 0.413889 0.014063 0.022222
1 0.445703 0.395833 0.013281 0.019444
1 0.470703 0.398611 0.013281 0.016667
0 0.394531 0.418056 0.029687 0.063889
0 0.309766 0.504167 0.052344 0.077778
