0 0.091016 0.790278 0.103906 0.111111
0 0.314844 0.922222 0.115625 0.155556
0 0.622656 0.527083 0.031250 0.054167
0 0.674609 0.518056 0.039844 0.055556
0 0.534375 0.414583 0.018750 0.037500
0 0.594922 0.423611 0.021094 0.030556
0 0.575391 0.395139 0.013281 0.023611
0 0.411719 0.613889 0.048438 0.075000
0 0.320703 0.602083 0.050781 0.068056
0 0.236719 0.607639 0.060937 0.068056
0 0.375000 0.515278 0.032813 0.041667
0 0.427734 0.523611 0.035156 0.047222
0 0.439453 0.486806 0.027344 0.034722
0 0.412500 0.449306 0.025000 0.031944
0 0.451172 0.459028 0.025781 0.026389
0 0.454297 0.431944 0.017969 0.022222
0 0.438281 0.409722 0.014063 0.019444
0 0.467969 0.408333 0.015625 0.019444
0 0.449219 0.389583 0.014063 0.015278
0 0.527344 0.376389 0.009375 0.013889
0 0.555078 0.371528 0.010156 0.012500
1 0.337109 0.475694 0.041406 0.068056
1 0.402734 0.409028 0.028906 0.056944
