0 0.210156 0.816667 0.104688 0.125000
0 0.194922 0.652778 0.077344 0.088889
0 0.335547 0.590278 0.044531 0.066667
0 0.411328 0.548611 0.042969 0.066667
0 0.582031 0.563889 0.039062 0.069444
0 0.655078 0.573611 0.046094 0.069444
0 0.879687 0.775694 0.098437 0.134722
0 0.331641 0.502778 0.036719 0.041667
0 0.374219 0.514583 0.032813 0.048611
0 0.354297 0.468750 0.028906 0.034722
0 0.379688 0.445139 0.018750 0.029167
0 0.407813 0.458333 0.025000 0.033333
0 0.444141 0.480556 0.027344 0.038889
0 0.547656 0.464583 0.023438 0.037500
0 0.585547 0.457639 0.024219 0.034722
0 0.537109 0.429861 0.021094 0.029167
0 0.568359 0.425694 0.019531 0.026389
0 0.590625 0.416667 0.018750 0.025000
0 0.458984 0.444444 0.021094 0.030556
0 0.429688 0.423611 0.017188 0.025000
0 0.398047 0.420833 0.019531 0.022222
1 0.416016 0.393056 0.017969 0.033333
0 0.462500 0.417361 0.017188 0.018056
0 0.439453 0.407639 0.014844 0.018056
0 0.450391 0.390278 0.014844 0.019444
0 0.470703 0.404167 0.014844 0.016667
0 0.524609 0.370139 0.011719 0.015278
0 0.566406 0.383333 0.012500 0.016667
0 0.556250 0.402083 0.014063 0.020833
