0 0.184766 0.853472 0.111719 0.137500
0 0.362109 0.685417 0.069531 0.104167
0 0.639062 0.691667 0.059375 0.105556
0 0.313672 0.617361 0.053906 0.079167
0 0.253906 0.588194 0.051562 0.062500
0 0.304297 0.526389 0.041406 0.052778
0 0.348438 0.481944 0.026562 0.036111
0 0.377344 0.512500 0.039062 0.047222
0 0.433203 0.520833 0.033594 0.052778
0 0.375391 0.448611 0.024219 0.027778
0 0.416016 0.445833 0.019531 0.027778
0 0.450000 0.469444 0.025000 0.033333
0 0.456250 0.438889 0.020313 0.025000
0 0.537500 0.416667 0.018750 0.022222
0 0.569922 0.427778 0.019531 0.027778
0 0.626563 0.464583 0.025000 0.034722
0 0.429297 0.421528 0.016406 0.020833
0 0.442188 0.400000 0.014063 0.019444
0 0.465625 0.418750 0.018750 0.018056
0 0.468359 0.404861 0.017969 0.018056
0 0.470703 0.390972 0.013281 0.012500
1 0.401953 0.408333 0.022656 0.038889
1 0.431641 0.375000 0.019531 0.036111
