0 0.326172 0.849306 0.102344 0.154167
0 0.078906 0.790278 0.128125 0.113889
0 0.296484 0.661806 0.061719 0.087500
0 0.261719 0.577778 0.054688 0.063889
0 0.362109 0.538889 0.036719 0.052778
0 0.576562 0.563889 0.040625 0.066667
0 0.630859 0.543056 0.039844 0.058333
0 0.351953 0.478472 0.028906 0.034722
0 0.391797 0.484722 0.028906 0.038889
0 0.422656 0.514583 0.034375 0.051389
0 0.447656 0.467361 0.023438 0.037500
0 0.369141 0.448611 0.024219 0.027778
0 0.394141 0.431250 0.019531 0.026389
0 0.419141 0.440972 0.019531 0.029167
0 0.461328 0.431944 0.017969 0.025000
0 0.433984 0.413889 0.014844 0.019444
0 0.406250 0.413889 0.017188 0.025000
0 0.442578 0.400694 0.013281 0.018056
0 0.464062 0.410417 0.017188 0.020833
0 0.553516 0.488889 0.025781 0.044444
0 0.594531 0.471528 0.026562 0.037500
0 0.621484 0.453472 0.022656 0.034722
0 0.572656 0.435417 0.018750 0.023611
0 0.580469 0.402083 0.014063 0.020833
0 0.527734 0.383333 0.014844 0.022222
0 0.452344 0.384722 0.014063 0.016667
0 0.472266 0.397222 0.013281 0.013889
1 0.422266 0.389583 0.016406 0.031944
