0 0.241797 0.747222 0.086719 0.100000
0 0.379688 0.636806 0.059375 0.084722
0 0.334375 0.583333 0.045312 0.061111
0 0.281250 0.562500 0.045312 0.052778
0 0.320312 0.507639 0.039062 0.045833
0 0.385156 0.496528 0.032813 0.040278
0 0.650000 0.493056 0.029687 0.047222
0 0.437500 0.510417 0.031250 0.048611
0 0.359766 0.470139 0.025781 0.031944
0 0.382422 0.441667 0.022656 0.027778
0 0.419531 0.438889 0.018750 0.025000
0 0.453516 0.463194 0.022656 0.031944
0 0.458203 0.434028 0.019531 0.026389
0 0.543359 0.436806 0.021094 0.031944
0 0.580469 0.446528 0.021875 0.031944
0 0.432031 0.418056 0.015625 0.019444
0 0.445312 0.397917 0.015625 0.018056
0 0.466406 0.415278 0.015625 0.019444
0 0.531250 0.403472 0.014063 0.020833
0 0.556250 0.404861 0.015625 0.023611
0 0.568750 0.385417 0.012500 0.018056
0 0.548438 0.388889 0.014063 0.016667
0 0.525391 0.388889 0.014844 0.016667
1 0.406641 0.403472 0.021094 0.037500
1 0.432422 0.374306 0.019531 0.037500
