0 0.738281 0.597917 0.059375 0.081944
0 0.298828 0.878472 0.114844 0.179167
0 0.246875 0.727778 0.087500 0.097222
0 0.183594 0.679167 0.079687 0.086111
0 0.262109 0.571528 0.050781 0.054167
0 0.349609 0.554861 0.039844 0.054167
0 0.426172 0.553472 0.038281 0.056944
0 0.326172 0.507639 0.030469 0.043056
0 0.574219 0.502083 0.025000 0.051389
0 0.443359 0.486111 0.024219 0.038889
0 0.406641 0.463194 0.021094 0.034722
0 0.358594 0.466667 0.028125 0.030556
0 0.421875 0.435417 0.020313 0.026389
0 0.451953 0.451389 0.022656 0.033333
0 0.596094 0.426389 0.017188 0.027778
0 0.554297 0.400000 0.016406 0.025000
0 0.528906 0.392361 0.014063 0.018056
0 0.461719 0.429861 0.018750 0.018056
0 0.438672 0.410417 0.016406 0.020833
1 0.392578 0.419444 0.025781 0.044444
1 0.426563 0.378472 0.023438 0.043056
