0 0.336719 0.763889 0.082812 0.136111
0 0.282422 0.664583 0.063281 0.084722
0 0.223047 0.626389 0.060156 0.075000
0 0.285156 0.546528 0.045312 0.051389
0 0.364844 0.533333 0.037500 0.052778
0 0.337500 0.492361 0.026562 0.040278
0 0.428516 0.532639 0.032031 0.054167
0 0.595313 0.558333 0.032813 0.063889
0 0.842578 0.721528 0.099219 0.129167
0 0.367578 0.459722 0.024219 0.033333
0 0.410547 0.454167 0.019531 0.030556
0 0.449219 0.479861 0.025000 0.040278
0 0.454688 0.445139 0.021875 0.026389
0 0.424609 0.427778 0.016406 0.025000
0 0.439844 0.404861 0.015625 0.023611
0 0.463281 0.425000 0.017188 0.019444
0 0.532031 0.403472 0.015625 0.020833
0 0.560156 0.411806 0.017188 0.023611
0 0.609375 0.441667 0.018750 0.027778
1 0.398828 0.414583 0.024219 0.043056
1 0.428125 0.377083 0.020313 0.043056
