1 0.409375 0.402778 0.021875 0.041667
1 0.435547 0.370139 0.017969 0.037500
0 0.454688 0.383333 0.010937 0.013889
0 0.445312 0.395139 0.014063 0.018056
0 0.468359 0.411111 0.016406 0.016667
0 0.460547 0.428472 0.017969 0.020833
0 0.435156 0.414583 0.015625 0.018056
0 0.423438 0.433333 0.017188 0.022222
0 0.457031 0.455556 0.023438 0.030556
0 0.440625 0.495833 0.031250 0.038889
0 0.395703 0.480556 0.030469 0.036111
0 0.367188 0.459722 0.023438 0.030556
0 0.388281 0.433333 0.021875 0.025000
0 0.333594 0.490972 0.031250 0.037500
0 0.528516 0.400694 0.014844 0.020833
0 0.553516 0.399306 0.016406 0.020833
0 0.576172 0.394444 0.017969 0.019444
0 0.564453 0.418750 0.017969 0.026389
0 0.551562 0.459722 0.021875 0.036111
0 0.596094 0.472917 0.028125 0.040278
0 0.689844 0.542361 0.040625 0.054167
0 0.394531 0.597917 0.050000 0.079167
0 0.350000 0.554167 0.037500 0.055556
0 0.300781 0.538889 0.043750 0.055556
0 0.285547 0.677083 0.064844 0.081944
0 0.064062 0.809722 0.126562 0.130556
