0 0.260156 0.727083 0.078125 0.109722
0 0.233594 0.609722 0.064062 0.072222
0 0.348047 0.563194 0.041406 0.056944
0 0.417969 0.529861 0.035937 0.054167
0 0.383594 0.497917 0.029687 0.040278
0 0.339844 0.487500 0.031250 0.038889
0 0.621875 0.686806 0.062500 0.120833
0 0.717578 0.675694 0.071094 0.104167
0 0.559375 0.500694 0.028125 0.045833
0 0.604688 0.490972 0.031250 0.043056
0 0.543750 0.452083 0.021875 0.034722
0 0.580078 0.444444 0.019531 0.030556
0 0.604688 0.432639 0.018750 0.029167
0 0.564844 0.420139 0.017188 0.020833
0 0.571484 0.393056 0.010156 0.019444
0 0.446484 0.474306 0.027344 0.034722
0 0.415234 0.452778 0.024219 0.033333
0 0.362500 0.457639 0.025000 0.026389
0 0.386719 0.436806 0.018750 0.023611
0 0.401953 0.415972 0.016406 0.018056
0 0.430859 0.420139 0.014844 0.023611
0 0.461719 0.436806 0.017188 0.023611
0 0.463672 0.414583 0.017969 0.018056
0 0.441406 0.404167 0.012500 0.016667
0 0.525781 0.375694 0.012500 0.018056
0 0.450781 0.388194 0.014063 0.020833
1 0.419531 0.392361 0.017188 0.031944
