1 0.388281 0.426389 0.026562 0.050000
1 0.421875 0.384722 0.026562 0.044444
0 0.526563 0.384028 0.012500 0.015278
0 0.549219 0.393056 0.014063 0.019444
0 0.585547 0.413194 0.014844 0.023611
0 0.560156 0.460417 0.020313 0.034722
0 0.442578 0.495833 0.028906 0.038889
0 0.399219 0.472917 0.025000 0.034722
0 0.348438 0.479167 0.031250 0.038889
0 0.418750 0.443056 0.021875 0.027778
0 0.449219 0.458333 0.021875 0.030556
0 0.459766 0.435417 0.017969 0.020833
0 0.436328 0.411111 0.017969 0.022222
0 0.464453 0.403472 0.014844 0.018056
0 0.447266 0.393750 0.011719 0.015278
0 0.455859 0.379167 0.010156 0.013889
0 0.475391 0.386111 0.011719 0.013889
0 0.680078 0.526389 0.041406 0.058333
0 0.850391 0.736806 0.086719 0.120833
0 0.183594 0.839583 0.107813 0.137500
0 0.128125 0.752083 0.093750 0.104167
0 0.231641 0.604861 0.061719 0.065278
0 0.333984 0.586111 0.050781 0.063889
0 0.418750 0.572222 0.039062 0.058333
0 0.312500 0.523611 0.032813 0.041667
