0 0.136328 0.721528 0.103906 0.101389
0 0.311328 0.630556 0.053906 0.075000
0 0.404297 0.565972 0.042969 0.065278
0 0.751563 0.615278 0.057813 0.077778
0 0.562109 0.497917 0.028906 0.045833
0 0.616797 0.509722 0.033594 0.044444
0 0.363672 0.531944 0.036719 0.047222
0 0.317188 0.518056 0.039062 0.050000
0 0.345313 0.479167 0.031250 0.036111
0 0.373828 0.450694 0.019531 0.029167
0 0.402734 0.468750 0.025781 0.031944
0 0.443359 0.489583 0.027344 0.037500
0 0.456641 0.449306 0.021094 0.029167
0 0.426953 0.427083 0.016406 0.023611
0 0.392188 0.427083 0.015625 0.023611
0 0.460547 0.423611 0.019531 0.022222
0 0.435937 0.409028 0.014063 0.018056
0 0.468750 0.407639 0.015625 0.015278
0 0.447656 0.393056 0.015625 0.016667
0 0.541016 0.437500 0.017969 0.027778
0 0.573047 0.434722 0.019531 0.027778
0 0.532813 0.412500 0.017188 0.022222
0 0.559766 0.411111 0.016406 0.022222
0 0.582031 0.403472 0.014063 0.020833
0 0.551562 0.390278 0.012500 0.019444
0 0.559766 0.377778 0.011719 0.016667
1 0.413281 0.397222 0.018750 0.033333
1 0.437500 0.367361 0.017188 0.031944
