0 0.242969 0.753472 0.090625 0.109722
0 0.403516 0.598611 0.052344 0.069444
0 0.267188 0.569444 0.054688 0.052778
0 0.328906 0.504167 0.037500 0.047222
0 0.365234 0.536806 0.036719 0.051389
0 0.395703 0.477083 0.022656 0.034722
0 0.437109 0.476389 0.024219 0.044444
0 0.673047 0.615972 0.053906 0.087500
0 0.696484 0.561806 0.042969 0.059722
0 0.856250 0.727083 0.101562 0.134722
0 0.637891 0.472917 0.028906 0.037500
0 0.542188 0.436806 0.025000 0.037500
0 0.379688 0.445139 0.021875 0.026389
0 0.414844 0.444444 0.021875 0.027778
0 0.455469 0.443056 0.021875 0.027778
0 0.391016 0.425694 0.019531 0.023611
0 0.410156 0.412500 0.017188 0.022222
0 0.432031 0.418750 0.020313 0.020833
0 0.465625 0.415972 0.015625 0.020833
0 0.441797 0.403472 0.014844 0.018056
0 0.420703 0.396528 0.013281 0.015278
0 0.470703 0.397917 0.016406 0.015278
0 0.528906 0.395139 0.014063 0.020833
0 0.561719 0.410417 0.015625 0.020833
0 0.590625 0.411111 0.017188 0.027778
0 0.577344 0.395833 0.014063 0.025000
0 0.550781 0.384028 0.015625 0.018056
1 0.432422 0.379167 0.014844 0.027778
