0 0.305078 0.635417 0.060156 0.073611
0 0.306250 0.527083 0.043750 0.048611
0 0.415234 0.552083 0.041406 0.054167
0 0.383594 0.505556 0.032813 0.041667
0 0.346484 0.479167 0.030469 0.036111
0 0.407422 0.459722 0.021094 0.030556
0 0.441797 0.461806 0.024219 0.040278
0 0.564844 0.503472 0.029687 0.048611
0 0.719531 0.572917 0.051562 0.065278
0 0.538281 0.425694 0.018750 0.034722
0 0.582422 0.447917 0.019531 0.031944
0 0.618750 0.443750 0.023438 0.034722
0 0.592187 0.416667 0.017188 0.025000
0 0.558594 0.402083 0.015625 0.023611
0 0.530859 0.403472 0.013281 0.020833
0 0.523047 0.375694 0.010156 0.015278
0 0.457813 0.432639 0.017188 0.026389
0 0.422656 0.432639 0.018750 0.023611
0 0.389844 0.434028 0.017188 0.023611
0 0.416016 0.403472 0.011719 0.018056
0 0.437500 0.411806 0.015625 0.020833
0 0.467969 0.409722 0.014063 0.022222
0 0.472266 0.391667 0.013281 0.013889
0 0.444531 0.397222 0.010937 0.013889
0 0.425781 0.390278 0.012500 0.013889
0 0.456641 0.380556 0.013281 0.016667
1 0.437500 0.375000 0.015625 0.025000
