0 0.644141 0.727778 0.074219 0.144444
0 0.226953 0.790278 0.099219 0.127778
0 0.342578 0.571528 0.046094 0.059722
0 0.332422 0.499306 0.039844 0.043056
0 0.425391 0.522917 0.033594 0.051389
0 0.397266 0.480556 0.025781 0.038889
0 0.362500 0.460417 0.023438 0.031944
0 0.558203 0.480556 0.028906 0.052778
0 0.629687 0.527083 0.035937 0.051389
0 0.666406 0.499306 0.031250 0.045833
0 0.445703 0.450000 0.021094 0.036111
0 0.417187 0.446528 0.021875 0.029167
0 0.397656 0.425000 0.017188 0.025000
0 0.428906 0.422222 0.015625 0.019444
0 0.460938 0.424306 0.017188 0.023611
0 0.542969 0.438889 0.020313 0.030556
0 0.576562 0.431250 0.020313 0.026389
0 0.620313 0.454167 0.023438 0.033333
0 0.527344 0.393056 0.014063 0.019444
0 0.439453 0.404861 0.013281 0.018056
0 0.405469 0.406250 0.015625 0.015278
0 0.470313 0.401389 0.014063 0.016667
