0 0.293359 0.665278 0.066406 0.080556
0 0.616406 0.640972 0.060937 0.112500
0 0.802734 0.811806 0.108594 0.176389
0 0.787500 0.636111 0.073438 0.105556
0 0.567969 0.510417 0.029687 0.054167
0 0.608984 0.485417 0.028906 0.040278
0 0.682031 0.522222 0.039062 0.050000
0 0.367188 0.529167 0.035937 0.047222
0 0.351172 0.477778 0.030469 0.038889
0 0.432812 0.500694 0.031250 0.040278
0 0.407422 0.463194 0.024219 0.031944
0 0.373828 0.448611 0.022656 0.027778
0 0.450391 0.442361 0.022656 0.031944
0 0.425000 0.433333 0.018750 0.025000
0 0.404687 0.414583 0.015625 0.020833
0 0.435547 0.415278 0.019531 0.019444
0 0.463672 0.416667 0.016406 0.019444
0 0.473047 0.397222 0.013281 0.016667
0 0.535937 0.422917 0.018750 0.029167
0 0.550391 0.393750 0.011719 0.020833
0 0.560937 0.379167 0.009375 0.016667
0 0.523438 0.370139 0.010937 0.015278
