0 0.356250 0.750000 0.079687 0.113889
0 0.150391 0.706250 0.097656 0.087500
0 0.610156 0.677778 0.056250 0.100000
0 0.679688 0.624306 0.059375 0.081944
0 0.567578 0.536111 0.032031 0.055556
0 0.616797 0.510417 0.035156 0.045833
0 0.643750 0.477778 0.031250 0.044444
0 0.319922 0.616667 0.055469 0.075000
0 0.283984 0.552778 0.047656 0.052778
0 0.371875 0.521528 0.032813 0.045833
0 0.427344 0.503472 0.032813 0.045833
0 0.360156 0.468056 0.029687 0.036111
0 0.398828 0.475000 0.027344 0.038889
0 0.375781 0.443056 0.025000 0.027778
0 0.397656 0.424306 0.018750 0.023611
0 0.424219 0.436111 0.021875 0.025000
0 0.450000 0.461111 0.023438 0.030556
0 0.463672 0.429861 0.017969 0.029167
0 0.412109 0.406944 0.019531 0.022222
0 0.435547 0.411806 0.014844 0.020833
0 0.465234 0.406250 0.016406 0.020833
0 0.445703 0.398611 0.014844 0.022222
0 0.585547 0.456944 0.022656 0.030556
0 0.587500 0.434722 0.018750 0.016667
0 0.588281 0.412500 0.017188 0.025000
0 0.530469 0.391667 0.014063 0.022222
0 0.522656 0.370139 0.010937 0.018056
0 0.539453 0.365972 0.010156 0.018056
0 0.546875 0.381250 0.010937 0.023611
0 0.567187 0.383333 0.014063 0.025000
1 0.425391 0.385417 0.019531 0.031944
