0 0.264844 0.716667 0.079687 0.097222
0 0.356250 0.545833 0.042188 0.050000
0 0.428906 0.511111 0.034375 0.047222
0 0.341406 0.487500 0.032813 0.041667
0 0.576953 0.531944 0.036719 0.069444
0 0.680078 0.608333 0.053906 0.088889
0 0.708594 0.543750 0.045312 0.059722
0 0.644141 0.480556 0.028906 0.047222
0 0.551562 0.465972 0.023438 0.040278
0 0.589844 0.453472 0.025000 0.034722
0 0.448828 0.445139 0.024219 0.034722
0 0.402344 0.472222 0.026562 0.036111
0 0.367969 0.454167 0.025000 0.030556
0 0.401172 0.418750 0.017969 0.023611
0 0.420703 0.438889 0.021094 0.030556
0 0.432031 0.418056 0.018750 0.022222
0 0.463281 0.420833 0.018750 0.022222
0 0.530859 0.404861 0.016406 0.026389
0 0.545703 0.382639 0.010156 0.018056
0 0.471094 0.398611 0.014063 0.019444
0 0.442188 0.403472 0.014063 0.015278
0 0.408203 0.402778 0.013281 0.013889
