1 0.426563 0.379861 0.015625 0.029167
0 0.800781 0.838889 0.117188 0.177778
0 0.377734 0.679167 0.066406 0.094444
0 0.201563 0.645139 0.076563 0.079167
0 0.339453 0.584028 0.047656 0.065278
0 0.301953 0.531250 0.042969 0.054167
0 0.599219 0.638889 0.051562 0.086111
0 0.651953 0.572222 0.044531 0.058333
0 0.681250 0.527083 0.037500 0.056944
0 0.603125 0.488889 0.028125 0.044444
0 0.382812 0.505556 0.031250 0.041667
0 0.432812 0.490972 0.031250 0.045833
0 0.404687 0.464583 0.025000 0.034722
0 0.367969 0.460417 0.026562 0.034722
0 0.380859 0.434722 0.021094 0.025000
0 0.426172 0.429167 0.021094 0.025000
0 0.452734 0.452778 0.022656 0.030556
0 0.402344 0.420139 0.015625 0.023611
0 0.464062 0.424306 0.017188 0.023611
0 0.438672 0.407639 0.016406 0.020833
0 0.413281 0.403472 0.017188 0.018056
0 0.467969 0.404167 0.015625 0.019444
0 0.454688 0.382639 0.014063 0.015278
0 0.532813 0.402083 0.014063 0.020833
0 0.524609 0.377083 0.011719 0.020833
0 0.549609 0.390278 0.011719 0.019444
0 0.573828 0.390972 0.013281 0.020833
0 0.600391 0.428472 0.019531 0.026389
0 0.542578 0.371528 0.013281 0.018056
0 0.474609 0.393750 0.013281 0.018056
