0 0.278906 0.687500 0.075000 0.086111
0 0.288281 0.548611 0.048438 0.052778
0 0.409375 0.570833 0.051562 0.061111
0 0.764453 0.772222 0.096094 0.138889
0 0.779687 0.656944 0.073438 0.100000
0 0.665625 0.509722 0.034375 0.055556
0 0.550391 0.461111 0.024219 0.038889
0 0.376563 0.520833 0.040625 0.047222
0 0.339453 0.490278 0.036719 0.041667
0 0.401172 0.469444 0.022656 0.030556
0 0.439063 0.469444 0.025000 0.038889
0 0.384375 0.439583 0.020313 0.029167
0 0.417969 0.438889 0.017188 0.025000
0 0.456250 0.438194 0.018750 0.023611
0 0.433203 0.415972 0.016406 0.020833
0 0.412109 0.408333 0.016406 0.022222
0 0.393359 0.420139 0.017969 0.020833
0 0.467578 0.411806 0.014844 0.018056
0 0.531641 0.408333 0.014844 0.025000
0 0.570312 0.427083 0.014063 0.020833
0 0.599609 0.423611 0.019531 0.027778
0 0.583203 0.404167 0.014844 0.025000
0 0.553516 0.393056 0.016406 0.022222
0 0.423047 0.394444 0.013281 0.013889
0 0.443359 0.400000 0.013281 0.019444
