0 0.667969 0.856250 0.096875 0.179167
0 0.714844 0.680556 0.070312 0.091667
0 0.738281 0.590278 0.057813 0.077778
0 0.628516 0.535417 0.036719 0.056944
0 0.391406 0.634722 0.057813 0.083333
0 0.189844 0.854861 0.118750 0.143056
0 0.236328 0.602778 0.063281 0.063889
0 0.315625 0.518750 0.035937 0.048611
0 0.354687 0.559722 0.039062 0.052778
0 0.642188 0.501389 0.028125 0.044444
0 0.389844 0.492361 0.029687 0.040278
0 0.435156 0.483333 0.031250 0.044444
0 0.372266 0.451389 0.022656 0.033333
0 0.408984 0.454861 0.022656 0.029167
0 0.385547 0.429861 0.019531 0.020833
0 0.429297 0.424306 0.017969 0.026389
0 0.453906 0.448611 0.020313 0.025000
0 0.537109 0.415972 0.016406 0.026389
0 0.464844 0.420833 0.017188 0.022222
0 0.416797 0.399306 0.014844 0.018056
0 0.406641 0.415972 0.016406 0.020833
0 0.439844 0.404861 0.014063 0.018056
0 0.448047 0.396528 0.010156 0.015278
0 0.453906 0.381250 0.012500 0.012500
0 0.469531 0.399306 0.015625 0.015278
0 0.474609 0.388194 0.011719 0.012500
0 0.526563 0.385417 0.012500 0.020833
0 0.552734 0.395833 0.011719 0.019444
0 0.581250 0.400000 0.014063 0.022222
0 0.614453 0.446528 0.021094 0.031944
