0 0.167578 0.897917 0.130469 0.159722
0 0.325781 0.599306 0.050000 0.062500
0 0.319141 0.512500 0.036719 0.044444
0 0.419922 0.535417 0.039844 0.054167
0 0.588672 0.573611 0.042969 0.075000
0 0.804688 0.675694 0.076563 0.098611
0 0.355078 0.469444 0.028906 0.030556
0 0.390234 0.494444 0.030469 0.038889
0 0.412109 0.453472 0.019531 0.026389
0 0.443359 0.455556 0.025781 0.033333
0 0.394141 0.428472 0.019531 0.026389
0 0.425000 0.428472 0.020313 0.026389
0 0.459375 0.428472 0.017188 0.023611
0 0.401172 0.411806 0.017969 0.020833
0 0.545312 0.445833 0.021875 0.036111
0 0.600391 0.479861 0.027344 0.043056
0 0.636719 0.465972 0.026562 0.040278
0 0.603906 0.434028 0.018750 0.029167
0 0.566797 0.414583 0.019531 0.026389
0 0.535937 0.415972 0.017188 0.023611
0 0.524609 0.381944 0.013281 0.022222
0 0.438281 0.408333 0.015625 0.016667
0 0.419922 0.400694 0.013281 0.018056
0 0.468750 0.406250 0.015625 0.018056
0 0.472656 0.388194 0.015625 0.015278
0 0.540234 0.370139 0.010156 0.015278
