0 0.199609 0.809028 0.105469 0.118056
0 0.308984 0.917361 0.110156 0.148611
0 0.698047 0.888889 0.122656 0.205556
0 0.387109 0.652083 0.063281 0.101389
0 0.294141 0.649306 0.063281 0.084722
0 0.227344 0.615278 0.065625 0.069444
0 0.366406 0.536111 0.039062 0.052778
0 0.621875 0.525694 0.034375 0.059722
0 0.401172 0.470139 0.027344 0.037500
0 0.380078 0.443056 0.021094 0.025000
0 0.444141 0.464583 0.027344 0.034722
0 0.425781 0.431944 0.020313 0.027778
0 0.394922 0.421528 0.016406 0.020833
0 0.458203 0.420139 0.017969 0.026389
0 0.437109 0.411806 0.016406 0.018056
0 0.419141 0.400694 0.013281 0.018056
0 0.537500 0.422222 0.015625 0.025000
0 0.579297 0.400000 0.013281 0.022222
0 0.602734 0.431250 0.019531 0.026389
