0 0.303125 0.806250 0.085938 0.126389
0 0.385937 0.675694 0.060937 0.104167
0 0.308203 0.626389 0.050781 0.066667
0 0.350391 0.557639 0.041406 0.062500
0 0.419531 0.556250 0.037500 0.068056
0 0.307812 0.522917 0.040625 0.048611
0 0.602734 0.630556 0.053906 0.088889
0 0.783203 0.649306 0.074219 0.095833
0 0.645312 0.475694 0.031250 0.040278
0 0.396484 0.488889 0.028906 0.038889
0 0.451953 0.445139 0.025781 0.029167
0 0.417969 0.443750 0.021875 0.029167
0 0.395313 0.424306 0.018750 0.023611
0 0.407813 0.407639 0.014063 0.018056
0 0.432422 0.419444 0.017969 0.022222
0 0.465234 0.403472 0.016406 0.023611
0 0.530078 0.405556 0.013281 0.025000
0 0.552734 0.393750 0.016406 0.026389
0 0.579688 0.398611 0.015625 0.022222
1 0.106641 0.748611 0.211719 0.455556
