1 0.085156 0.747222 0.168750 0.388889
0 0.276172 0.882639 0.103906 0.159722
0 0.375000 0.713194 0.068750 0.118056
0 0.292187 0.652083 0.064062 0.079167
0 0.292969 0.540278 0.043750 0.052778
0 0.341797 0.573611 0.044531 0.058333
0 0.414453 0.570833 0.042969 0.080556
0 0.570703 0.534722 0.030469 0.058333
0 0.697656 0.549306 0.042188 0.062500
0 0.620313 0.447917 0.023438 0.034722
0 0.391016 0.498611 0.032031 0.041667
0 0.392578 0.428472 0.021094 0.026389
0 0.414844 0.449306 0.020313 0.029167
0 0.449609 0.448611 0.024219 0.027778
0 0.430469 0.422222 0.017188 0.022222
0 0.463672 0.410417 0.017969 0.023611
0 0.403516 0.410417 0.014844 0.018056
0 0.526172 0.393056 0.013281 0.019444
0 0.548047 0.385417 0.011719 0.020833
0 0.574219 0.390278 0.012500 0.016667
