0 0.337109 0.806250 0.096094 0.154167
0 0.192969 0.829861 0.115625 0.151389
0 0.081641 0.786806 0.117969 0.120833
0 0.649609 0.737500 0.074219 0.141667
0 0.686719 0.617361 0.054688 0.084722
0 0.840234 0.713194 0.089844 0.118056
0 0.332813 0.596528 0.050000 0.065278
0 0.385547 0.500694 0.032031 0.037500
0 0.364844 0.462500 0.028125 0.033333
0 0.439063 0.486111 0.029687 0.038889
0 0.416016 0.448611 0.022656 0.030556
0 0.382422 0.436806 0.019531 0.026389
0 0.454297 0.432639 0.021094 0.031944
0 0.430859 0.424306 0.017969 0.026389
0 0.411719 0.409028 0.015625 0.020833
0 0.466406 0.409028 0.017188 0.020833
0 0.475781 0.391667 0.014063 0.013889
0 0.477734 0.379167 0.011719 0.013889
0 0.457422 0.377778 0.013281 0.013889
0 0.439063 0.377083 0.010937 0.012500
0 0.445312 0.398611 0.012500 0.013889
0 0.526172 0.384028 0.013281 0.020833
0 0.560547 0.376389 0.010156 0.016667
0 0.571875 0.391667 0.012500 0.016667
0 0.564844 0.420833 0.015625 0.022222
0 0.554297 0.479167 0.028906 0.047222
