0 0.357422 0.741667 0.082031 0.136111
0 0.235937 0.749306 0.093750 0.112500
0 0.144531 0.712500 0.090625 0.102778
0 0.792188 0.793056 0.104688 0.158333
0 0.346484 0.572917 0.047656 0.056944
0 0.573047 0.530556 0.036719 0.063889
0 0.391797 0.488889 0.027344 0.038889
0 0.440625 0.478472 0.028125 0.034722
0 0.370312 0.456250 0.028125 0.031944
0 0.386719 0.431250 0.018750 0.023611
0 0.417969 0.442361 0.023438 0.029167
0 0.455469 0.427778 0.020313 0.027778
0 0.433594 0.419444 0.015625 0.022222
0 0.414453 0.404861 0.013281 0.018056
0 0.576172 0.442361 0.017969 0.029167
0 0.528125 0.393750 0.012500 0.020833
0 0.578906 0.400694 0.014063 0.020833
0 0.565625 0.381944 0.012500 0.016667
0 0.469141 0.406944 0.016406 0.019444
0 0.419531 0.390972 0.012500 0.012500
