0 0.609766 0.638889 0.055469 0.097222
0 0.376563 0.690972 0.071875 0.118056
0 0.137500 0.914583 0.131250 0.165278
0 0.271484 0.692361 0.074219 0.098611
0 0.196484 0.654861 0.077344 0.079167
0 0.358203 0.551389 0.041406 0.052778
0 0.397266 0.479861 0.027344 0.037500
0 0.442969 0.470139 0.026562 0.034722
0 0.594922 0.477778 0.024219 0.038889
0 0.375391 0.448611 0.024219 0.027778
0 0.391016 0.428472 0.017969 0.026389
0 0.421094 0.436111 0.020313 0.027778
0 0.456250 0.424306 0.018750 0.029167
0 0.532813 0.405556 0.015625 0.025000
0 0.589453 0.415278 0.017969 0.022222
0 0.571484 0.390278 0.011719 0.022222
0 0.435156 0.414583 0.015625 0.018056
0 0.417578 0.401389 0.014844 0.016667
0 0.468750 0.402083 0.014063 0.018056
