1 0.058203 0.786806 0.113281 0.370833
0 0.357422 0.772222 0.077344 0.136111
0 0.270313 0.688889 0.071875 0.088889
0 0.275000 0.561806 0.050000 0.065278
0 0.329688 0.595833 0.053125 0.069444
0 0.405859 0.595139 0.049219 0.084722
0 0.811719 0.852778 0.109375 0.172222
0 0.385156 0.509722 0.035937 0.047222
0 0.448437 0.454861 0.025000 0.031944
0 0.410547 0.456944 0.022656 0.033333
0 0.388281 0.434722 0.021875 0.027778
0 0.401172 0.413889 0.016406 0.019444
0 0.428906 0.422917 0.017188 0.023611
0 0.552734 0.476389 0.024219 0.038889
0 0.649609 0.492361 0.032031 0.043056
0 0.602734 0.425694 0.021094 0.026389
0 0.461719 0.413889 0.017188 0.025000
0 0.438672 0.408333 0.013281 0.016667
0 0.423828 0.393056 0.013281 0.016667
0 0.473438 0.393056 0.014063 0.016667
0 0.524219 0.383333 0.010937 0.016667
0 0.544531 0.377778 0.012500 0.019444
0 0.568359 0.382639 0.013281 0.018056
