0 0.691797 0.900694 0.110156 0.198611
0 0.325000 0.741667 0.075000 0.108333
1 0.122656 0.706944 0.243750 0.427778
0 0.396484 0.646528 0.055469 0.095833
0 0.325000 0.598611 0.051562 0.063889
0 0.319141 0.510417 0.036719 0.045833
0 0.358594 0.541667 0.039062 0.052778
0 0.425000 0.538889 0.040625 0.063889
0 0.685937 0.524306 0.040625 0.051389
0 0.401172 0.479861 0.027344 0.037500
0 0.452734 0.440278 0.022656 0.027778
0 0.422266 0.440278 0.021094 0.030556
0 0.400000 0.420833 0.017188 0.025000
0 0.535547 0.420833 0.017969 0.027778
0 0.558984 0.406944 0.017969 0.027778
0 0.589453 0.411806 0.014844 0.023611
0 0.529687 0.389583 0.015625 0.020833
0 0.466406 0.403472 0.015625 0.023611
0 0.431641 0.417361 0.017969 0.018056
