0 0.336719 0.839583 0.092188 0.162500
0 0.242188 0.737500 0.084375 0.105556
0 0.254688 0.586806 0.054688 0.065278
0 0.315234 0.615278 0.058594 0.072222
0 0.398438 0.619444 0.056250 0.097222
0 0.678125 0.625694 0.054688 0.084722
0 0.376953 0.519444 0.038281 0.050000
0 0.385156 0.437500 0.023438 0.027778
0 0.406641 0.461806 0.022656 0.029167
0 0.446875 0.460417 0.025000 0.031944
0 0.542969 0.445833 0.020313 0.030556
0 0.621875 0.456250 0.023438 0.031944
0 0.590234 0.410417 0.016406 0.023611
0 0.428125 0.429167 0.018750 0.027778
0 0.399609 0.418750 0.019531 0.023611
0 0.421484 0.395833 0.013281 0.019444
0 0.439063 0.409722 0.015625 0.016667
0 0.460156 0.417361 0.015625 0.026389
0 0.472266 0.395139 0.014844 0.018056
0 0.541016 0.372917 0.010156 0.018056
0 0.562500 0.377083 0.009375 0.018056
