0 0.303906 0.903472 0.125000 0.193056
0 0.706641 0.881250 0.122656 0.223611
0 0.122656 0.928472 0.159375 0.143056
0 0.934766 0.806250 0.128906 0.179167
0 0.732422 0.586111 0.052344 0.069444
0 0.314453 0.627083 0.058594 0.073611
0 0.376563 0.515278 0.034375 0.044444
0 0.358984 0.469444 0.028906 0.030556
0 0.435937 0.493056 0.031250 0.038889
0 0.412109 0.456944 0.024219 0.030556
0 0.377344 0.441667 0.021875 0.027778
0 0.408594 0.411806 0.015625 0.020833
0 0.428125 0.429861 0.018750 0.026389
0 0.451562 0.436111 0.020313 0.027778
0 0.465234 0.411806 0.016406 0.023611
0 0.436719 0.409028 0.017188 0.015278
0 0.474609 0.393056 0.014844 0.016667
0 0.436719 0.379861 0.010937 0.015278
0 0.542969 0.444444 0.021875 0.033333
0 0.556250 0.404167 0.012500 0.022222
0 0.524609 0.375000 0.008594 0.016667
0 0.565234 0.383333 0.011719 0.016667
0 0.636719 0.529861 0.035937 0.054167
0 0.591797 0.577778 0.042969 0.072222
