0 0.341406 0.700694 0.065625 0.098611
0 0.334766 0.584028 0.047656 0.056944
0 0.328906 0.498611 0.035937 0.041667
0 0.367578 0.526389 0.036719 0.047222
0 0.404687 0.470833 0.025000 0.033333
0 0.749609 0.597917 0.058594 0.070833
0 0.403906 0.616667 0.048438 0.088889
0 0.428906 0.527083 0.037500 0.059722
0 0.543359 0.445139 0.021094 0.031944
0 0.567578 0.422917 0.017969 0.034722
0 0.600781 0.425694 0.018750 0.023611
0 0.533203 0.399306 0.016406 0.023611
0 0.454688 0.438889 0.021875 0.027778
0 0.403516 0.417361 0.017969 0.020833
0 0.423438 0.435417 0.018750 0.023611
0 0.467969 0.401389 0.014063 0.022222
0 0.523438 0.369444 0.009375 0.016667
0 0.542578 0.378472 0.010156 0.015278
0 0.565625 0.381944 0.010937 0.016667
1 0.545312 0.343750 0.010937 0.026389
1 0.137891 0.650694 0.264844 0.351389
