0 0.610938 0.656944 0.057813 0.105556
0 0.353516 0.795139 0.077344 0.120833
0 0.229297 0.761111 0.092969 0.116667
0 0.095703 0.788194 0.117969 0.123611
0 0.379297 0.611806 0.044531 0.073611
0 0.360938 0.538194 0.035937 0.051389
0 0.422656 0.559722 0.039062 0.069444
0 0.623047 0.520139 0.035156 0.062500
0 0.671875 0.515972 0.035937 0.051389
1 0.246875 0.546528 0.151562 0.229167
0 0.554688 0.470833 0.025000 0.041667
0 0.353906 0.472917 0.029687 0.037500
0 0.391406 0.491667 0.032813 0.041667
0 0.437891 0.496528 0.032031 0.048611
0 0.416016 0.451389 0.024219 0.033333
0 0.528125 0.390972 0.012500 0.020833
0 0.558594 0.408333 0.015625 0.027778
0 0.592578 0.416667 0.017969 0.027778
0 0.457422 0.427778 0.017969 0.027778
