1 0.323437 0.466667 0.082812 0.130556
0 0.712891 0.691667 0.066406 0.097222
0 0.819141 0.693056 0.078906 0.108333
0 0.377344 0.735417 0.070312 0.112500
0 0.246875 0.719444 0.075000 0.102778
0 0.144922 0.925694 0.133594 0.145833
0 0.405859 0.611111 0.042969 0.069444
0 0.326953 0.591667 0.050781 0.066667
0 0.268359 0.579167 0.052344 0.058333
0 0.407813 0.539583 0.032813 0.054167
0 0.438281 0.506944 0.029687 0.052778
0 0.392578 0.490972 0.030469 0.040278
0 0.562109 0.503472 0.028906 0.045833
0 0.449219 0.463194 0.025000 0.037500
0 0.409766 0.455556 0.024219 0.030556
0 0.380078 0.443750 0.022656 0.029167
0 0.463672 0.413194 0.017969 0.023611
0 0.426172 0.433333 0.017969 0.022222
0 0.426172 0.390972 0.013281 0.018056
0 0.473828 0.388194 0.011719 0.018056
0 0.531250 0.404861 0.012500 0.020833
0 0.551562 0.393056 0.012500 0.019444
0 0.524609 0.377778 0.010156 0.016667
1 0.561328 0.364583 0.016406 0.040278
