1 0.286328 0.505556 0.113281 0.175000
0 0.783203 0.790278 0.097656 0.188889
0 0.845313 0.715972 0.065625 0.112500
0 0.382422 0.692361 0.060156 0.093056
0 0.283203 0.666667 0.067969 0.088889
0 0.190234 0.671528 0.078906 0.087500
0 0.602734 0.627778 0.050781 0.091667
0 0.393750 0.577083 0.042188 0.068056
0 0.375781 0.517361 0.034375 0.048611
0 0.432031 0.534722 0.035937 0.061111
0 0.443750 0.482639 0.028125 0.045833
0 0.401953 0.473611 0.025781 0.036111
0 0.366797 0.456944 0.025781 0.030556
0 0.422656 0.441667 0.020313 0.027778
0 0.460547 0.420833 0.016406 0.022222
0 0.419531 0.397222 0.015625 0.019444
0 0.472266 0.390972 0.011719 0.018056
0 0.535156 0.413889 0.015625 0.022222
0 0.582812 0.453472 0.023438 0.029167
0 0.631250 0.465972 0.025000 0.034722
1 0.551953 0.353472 0.013281 0.031944
0 0.538672 0.371528 0.010156 0.015278
0 0.524609 0.376389 0.010156 0.013889
0 0.522656 0.361806 0.010937 0.015278
0 0.114062 0.925000 0.140625 0.138889
