1 0.184766 0.597917 0.208594 0.279167
0 0.467969 0.397917 0.012500 0.018056
0 0.454688 0.432639 0.017188 0.023611
0 0.424609 0.431944 0.017969 0.022222
0 0.435156 0.415278 0.015625 0.019444
0 0.407422 0.413889 0.016406 0.022222
0 0.409375 0.463889 0.026562 0.030556
0 0.554297 0.481250 0.024219 0.043056
0 0.580469 0.444444 0.020313 0.038889
0 0.618359 0.445833 0.021094 0.030556
0 0.537500 0.416667 0.017188 0.025000
0 0.572266 0.390972 0.010156 0.020833
0 0.524219 0.373611 0.009375 0.016667
0 0.546875 0.386806 0.012500 0.018056
0 0.416797 0.397917 0.013281 0.018056
0 0.432422 0.515972 0.033594 0.056944
0 0.376563 0.516667 0.035937 0.047222
0 0.339453 0.488889 0.032031 0.038889
0 0.344922 0.566667 0.044531 0.055556
0 0.410938 0.593056 0.045312 0.075000
0 0.358594 0.661111 0.057813 0.083333
0 0.896484 0.779167 0.114844 0.141667
0 0.130469 0.915278 0.154688 0.161111
