0 0.333594 0.871528 0.092188 0.140278
0 0.189844 0.831250 0.110937 0.148611
1 0.219141 0.567361 0.177344 0.248611
0 0.368750 0.633333 0.050000 0.075000
0 0.414844 0.579167 0.039062 0.077778
0 0.352344 0.550694 0.042188 0.051389
0 0.572266 0.536806 0.036719 0.065278
0 0.595313 0.468750 0.028125 0.051389
0 0.637891 0.471528 0.027344 0.045833
0 0.435547 0.507639 0.035156 0.056944
0 0.383984 0.501389 0.033594 0.044444
0 0.346094 0.479861 0.032813 0.040278
0 0.543750 0.436806 0.020313 0.034722
0 0.414062 0.456944 0.026562 0.038889
0 0.455859 0.430556 0.019531 0.027778
0 0.470703 0.396528 0.014844 0.023611
0 0.425391 0.428472 0.017969 0.026389
0 0.411719 0.407639 0.015625 0.018056
0 0.525391 0.380556 0.011719 0.016667
0 0.552344 0.396528 0.014063 0.020833
0 0.579688 0.401389 0.014063 0.019444
1 0.546875 0.350000 0.014063 0.033333
