1 0.314453 0.477778 0.089844 0.150000
0 0.361328 0.799306 0.080469 0.129167
0 0.217969 0.770139 0.089063 0.118056
0 0.248438 0.606944 0.057813 0.077778
0 0.315625 0.606250 0.053125 0.070833
0 0.398047 0.631250 0.049219 0.073611
0 0.640625 0.561111 0.043750 0.061111
0 0.717578 0.572222 0.050781 0.072222
0 0.402734 0.549306 0.035156 0.054167
0 0.387891 0.496528 0.033594 0.048611
0 0.434375 0.512500 0.034375 0.047222
0 0.546875 0.461806 0.020313 0.034722
0 0.375781 0.446528 0.023438 0.026389
0 0.408203 0.459722 0.024219 0.027778
0 0.447266 0.466667 0.025781 0.036111
0 0.425781 0.437500 0.018750 0.025000
0 0.463281 0.414583 0.018750 0.020833
0 0.425391 0.394444 0.014844 0.019444
0 0.473828 0.388194 0.013281 0.018056
0 0.458594 0.376389 0.010937 0.013889
0 0.527734 0.393056 0.011719 0.019444
0 0.546484 0.384028 0.011719 0.015278
1 0.558594 0.361806 0.014063 0.037500
