1 0.268359 0.520833 0.125781 0.188889
0 0.368359 0.740972 0.069531 0.106944
0 0.259375 0.709722 0.078125 0.100000
0 0.146875 0.723611 0.093750 0.097222
0 0.669141 0.598611 0.050781 0.097222
0 0.726562 0.575000 0.050000 0.075000
0 0.569141 0.519444 0.033594 0.058333
0 0.388281 0.588889 0.042188 0.069444
0 0.426172 0.543750 0.033594 0.059722
0 0.368750 0.527778 0.035937 0.050000
0 0.360547 0.463889 0.025781 0.038889
0 0.394531 0.482639 0.026562 0.040278
0 0.440234 0.488889 0.030469 0.047222
0 0.418750 0.444444 0.023438 0.030556
0 0.458203 0.422917 0.019531 0.023611
0 0.416406 0.401389 0.015625 0.019444
0 0.530859 0.400000 0.014844 0.019444
0 0.567578 0.426389 0.017969 0.030556
0 0.608594 0.435417 0.021875 0.029167
1 0.551172 0.351389 0.014844 0.033333
