1 0.333984 0.456250 0.077344 0.123611
1 0.566016 0.368750 0.021094 0.043056
1 0.542578 0.339583 0.011719 0.029167
0 0.201953 0.838194 0.099219 0.134722
0 0.272656 0.672222 0.060937 0.088889
0 0.393750 0.684722 0.060937 0.100000
0 0.410938 0.586806 0.040625 0.062500
0 0.338672 0.567361 0.044531 0.056944
0 0.285156 0.556250 0.046875 0.054167
0 0.411719 0.529167 0.032813 0.047222
0 0.439453 0.497222 0.025781 0.044444
0 0.587109 0.577778 0.039844 0.069444
0 0.384375 0.438194 0.021875 0.029167
0 0.396484 0.483333 0.028906 0.038889
0 0.411328 0.450694 0.022656 0.029167
0 0.450781 0.457639 0.023438 0.037500
0 0.463672 0.409722 0.016406 0.019444
0 0.426953 0.433333 0.014844 0.022222
0 0.430078 0.387500 0.013281 0.016667
0 0.474219 0.386806 0.012500 0.015278
0 0.526563 0.386111 0.012500 0.016667
0 0.558984 0.406250 0.014844 0.023611
0 0.536328 0.422917 0.016406 0.026389
