0 0.337500 0.888194 0.098437 0.176389
0 0.173437 0.848611 0.107813 0.150000
0 0.221094 0.635417 0.068750 0.079167
0 0.299219 0.637500 0.059375 0.077778
0 0.391406 0.661806 0.053125 0.084722
0 0.691797 0.888194 0.103906 0.195833
0 0.400781 0.561111 0.040625 0.058333
0 0.383594 0.506944 0.034375 0.041667
0 0.433594 0.525000 0.031250 0.055556
0 0.444922 0.476389 0.028906 0.041667
0 0.405078 0.466667 0.030469 0.036111
0 0.371094 0.452083 0.026562 0.031944
0 0.540234 0.433333 0.017969 0.027778
0 0.602344 0.490972 0.028125 0.037500
0 0.423828 0.436806 0.021094 0.029167
0 0.461719 0.418056 0.018750 0.022222
0 0.473047 0.389583 0.013281 0.018056
0 0.422656 0.395139 0.014063 0.018056
0 0.525781 0.381944 0.010937 0.019444
0 0.541016 0.375694 0.011719 0.015278
0 0.523047 0.363889 0.011719 0.013889
0 0.662500 0.501389 0.032813 0.047222
1 0.302344 0.487500 0.104688 0.152778
1 0.554688 0.355556 0.014063 0.036111
