0 0.363281 0.806250 0.082812 0.137500
0 0.264062 0.714583 0.071875 0.098611
0 0.310547 0.612500 0.052344 0.069444
0 0.410938 0.613889 0.046875 0.069444
0 0.417187 0.554861 0.034375 0.043056
0 0.355078 0.536111 0.038281 0.052778
0 0.311719 0.526389 0.039062 0.050000
0 0.402734 0.470139 0.027344 0.031944
0 0.444141 0.485417 0.027344 0.043056
0 0.413281 0.513889 0.026562 0.041667
0 0.555469 0.484722 0.029687 0.047222
0 0.582812 0.443750 0.020313 0.034722
0 0.530859 0.411806 0.016406 0.031944
1 0.348047 0.445139 0.067969 0.109722
1 0.575781 0.379861 0.028125 0.054167
1 0.544141 0.340972 0.013281 0.026389
0 0.390625 0.430556 0.017188 0.022222
0 0.416797 0.443750 0.022656 0.020833
0 0.454297 0.447917 0.022656 0.029167
0 0.466016 0.405556 0.014844 0.019444
0 0.433594 0.385417 0.012500 0.015278
0 0.473828 0.386111 0.011719 0.019444
0 0.526953 0.363889 0.011719 0.013889
0 0.555469 0.365972 0.009375 0.015278
