0 0.376953 0.748611 0.077344 0.119444
0 0.283984 0.677083 0.064844 0.090278
0 0.322656 0.590278 0.045312 0.061111
0 0.320703 0.514583 0.038281 0.040278
0 0.361719 0.520139 0.031250 0.051389
0 0.416016 0.595833 0.042969 0.063889
0 0.419531 0.545139 0.034375 0.037500
0 0.419531 0.506944 0.031250 0.038889
0 0.574219 0.542361 0.032813 0.054167
0 0.603125 0.473611 0.025000 0.036111
0 0.536719 0.430556 0.018750 0.027778
0 0.444922 0.478472 0.025781 0.037500
0 0.405469 0.466667 0.026562 0.027778
0 0.393750 0.427778 0.015625 0.025000
0 0.417578 0.442361 0.024219 0.020833
0 0.455078 0.443750 0.022656 0.026389
0 0.466016 0.403472 0.014844 0.018056
0 0.474219 0.385417 0.012500 0.015278
0 0.435156 0.382639 0.012500 0.018056
0 0.458984 0.375694 0.011719 0.012500
0 0.529297 0.367361 0.011719 0.015278
0 0.557422 0.366667 0.010156 0.013889
0 0.111719 0.945139 0.150000 0.109722
1 0.353125 0.438889 0.065625 0.105556
1 0.583203 0.387500 0.030469 0.063889
