0 0.364453 0.756250 0.071094 0.109722
0 0.158594 0.684028 0.070312 0.090278
0 0.321094 0.609028 0.054688 0.073611
0 0.411719 0.601389 0.043750 0.069444
0 0.371875 0.532639 0.039062 0.051389
0 0.431641 0.538194 0.032031 0.043056
0 0.580859 0.456944 0.027344 0.041667
0 0.598828 0.423611 0.017969 0.025000
0 0.550391 0.389583 0.014844 0.020833
0 0.359766 0.461806 0.021094 0.029167
0 0.369922 0.475000 0.022656 0.022222
0 0.431641 0.496528 0.027344 0.029167
0 0.372656 0.499306 0.028125 0.023611
0 0.408984 0.458333 0.022656 0.027778
0 0.435937 0.465278 0.025000 0.027778
0 0.455078 0.445139 0.019531 0.029167
0 0.464062 0.417361 0.018750 0.020833
0 0.413672 0.402778 0.013281 0.022222
0 0.445703 0.371528 0.008594 0.012500
0 0.469141 0.396528 0.013281 0.018056
1 0.383594 0.411806 0.046875 0.079167
1 0.558594 0.359722 0.018750 0.036111
1 0.538281 0.352083 0.014063 0.031944
0 0.522266 0.364583 0.008594 0.012500
1 0.761719 0.579861 0.171875 0.273611
1 0.237500 0.733333 0.096875 0.127778
