0 0.615625 0.675694 0.057813 0.106944
0 0.634375 0.527778 0.042188 0.058333
0 0.545312 0.459028 0.023438 0.034722
0 0.169922 0.871528 0.121094 0.145833
0 0.304297 0.643750 0.058594 0.081944
0 0.387891 0.700694 0.066406 0.098611
0 0.421484 0.583333 0.042969 0.061111
0 0.335938 0.568750 0.045312 0.062500
0 0.330469 0.504861 0.037500 0.043056
0 0.368750 0.515278 0.032813 0.041667
0 0.422656 0.500694 0.028125 0.037500
0 0.422266 0.534722 0.033594 0.033333
0 0.405469 0.463889 0.023438 0.033333
0 0.446875 0.472222 0.023438 0.038889
0 0.456641 0.439583 0.021094 0.029167
0 0.417578 0.442361 0.021094 0.020833
0 0.396875 0.425000 0.012500 0.022222
0 0.437109 0.379861 0.011719 0.015278
0 0.467578 0.402083 0.013281 0.018056
0 0.474219 0.384028 0.010937 0.015278
0 0.530859 0.373611 0.010156 0.013889
0 0.560547 0.373611 0.010156 0.019444
1 0.359375 0.432639 0.060937 0.098611
1 0.591406 0.395139 0.035937 0.068056
