0 0.635938 0.722917 0.068750 0.120833
0 0.334766 0.891667 0.105469 0.161111
0 0.235547 0.769444 0.083594 0.116667
0 0.292969 0.642361 0.056250 0.079167
0 0.402734 0.650000 0.053906 0.086111
0 0.415625 0.572917 0.040625 0.062500
0 0.347266 0.548611 0.041406 0.055556
0 0.300391 0.542361 0.042969 0.054167
0 0.414453 0.522917 0.032031 0.043056
0 0.441406 0.488889 0.025000 0.038889
0 0.399219 0.476389 0.025000 0.036111
0 0.412109 0.448611 0.024219 0.027778
0 0.386328 0.436111 0.019531 0.027778
0 0.451562 0.452083 0.025000 0.031944
0 0.427734 0.429861 0.017969 0.020833
0 0.465234 0.406944 0.014844 0.019444
0 0.475391 0.386806 0.011719 0.015278
0 0.431250 0.386111 0.014063 0.013889
0 0.528125 0.397222 0.014063 0.022222
0 0.544141 0.445139 0.019531 0.031944
0 0.568750 0.422917 0.017188 0.026389
1 0.570703 0.374306 0.022656 0.051389
1 0.544531 0.341667 0.010937 0.022222
0 0.525391 0.360417 0.008594 0.012500
0 0.552734 0.360417 0.008594 0.012500
