0 0.333594 0.851389 0.093750 0.141667
0 0.075781 0.786111 0.115625 0.111111
0 0.292187 0.661111 0.067187 0.083333
0 0.407422 0.619444 0.046094 0.072222
0 0.356641 0.556250 0.036719 0.054167
0 0.429297 0.550000 0.036719 0.047222
0 0.426953 0.509722 0.027344 0.033333
0 0.364453 0.514583 0.033594 0.029167
0 0.350781 0.475000 0.021875 0.036111
0 0.374219 0.485417 0.023438 0.029167
0 0.407422 0.458333 0.021094 0.027778
0 0.430469 0.474306 0.021875 0.034722
0 0.451953 0.453472 0.016406 0.031944
0 0.461328 0.425694 0.016406 0.023611
0 0.468359 0.396528 0.014844 0.015278
0 0.408984 0.412500 0.013281 0.022222
0 0.442578 0.372222 0.010156 0.016667
0 0.555078 0.413194 0.014844 0.026389
0 0.580078 0.400000 0.014844 0.022222
0 0.541406 0.374306 0.009375 0.015278
1 0.657813 0.466667 0.079687 0.141667
1 0.374609 0.415972 0.047656 0.079167
1 0.553906 0.353472 0.015625 0.034722
1 0.537109 0.347917 0.013281 0.029167
0 0.418750 0.440278 0.018750 0.022222
1 0.153516 0.877778 0.139844 0.188889
