1 0.201172 0.799306 0.116406 0.162500
1 0.694141 0.507639 0.108594 0.181944
1 0.379297 0.412500 0.049219 0.077778
1 0.556641 0.356944 0.016406 0.036111
1 0.536328 0.348611 0.014844 0.033333
0 0.565234 0.430556 0.019531 0.030556
0 0.586719 0.410417 0.015625 0.020833
0 0.444531 0.371528 0.009375 0.012500
0 0.411328 0.407639 0.013281 0.018056
0 0.462109 0.422917 0.017969 0.023611
0 0.468750 0.397222 0.014063 0.016667
0 0.545312 0.381250 0.010937 0.018056
0 0.453906 0.450694 0.020313 0.031944
0 0.433594 0.470833 0.023438 0.030556
0 0.429688 0.502778 0.026562 0.030556
0 0.431250 0.541667 0.035937 0.044444
0 0.365625 0.541667 0.037500 0.044444
0 0.369531 0.504861 0.031250 0.029167
0 0.371484 0.479167 0.024219 0.025000
0 0.358203 0.468750 0.024219 0.029167
0 0.409375 0.457639 0.025000 0.029167
0 0.418359 0.437500 0.021094 0.016667
0 0.521484 0.359722 0.008594 0.013889
0 0.352344 0.797917 0.082812 0.140278
0 0.126172 0.728472 0.097656 0.095833
0 0.306641 0.634028 0.061719 0.079167
0 0.411719 0.611111 0.045312 0.077778
