1 0.362891 0.427083 0.057031 0.093056
1 0.599219 0.409028 0.039062 0.076389
1 0.548828 0.347917 0.014844 0.026389
1 0.535547 0.342361 0.010156 0.020833
0 0.534375 0.379167 0.010937 0.016667
0 0.563672 0.377778 0.011719 0.016667
0 0.467187 0.400694 0.012500 0.018056
0 0.474609 0.385417 0.011719 0.018056
0 0.437891 0.377778 0.010156 0.011111
0 0.407813 0.461806 0.025000 0.029167
0 0.400391 0.420833 0.014844 0.025000
0 0.448437 0.466667 0.021875 0.036111
0 0.457813 0.436806 0.020313 0.029167
0 0.425391 0.493750 0.025781 0.034722
0 0.371484 0.506250 0.032031 0.040278
0 0.337109 0.495139 0.033594 0.037500
0 0.344531 0.552083 0.039062 0.048611
0 0.423438 0.531250 0.031250 0.034722
0 0.423828 0.573611 0.039844 0.052778
0 0.319531 0.617361 0.054688 0.068056
0 0.396875 0.671528 0.059375 0.093056
0 0.210547 0.797222 0.097656 0.116667
0 0.693750 0.620139 0.056250 0.084722
0 0.557813 0.501389 0.028125 0.047222
