0 0.645312 0.760417 0.078125 0.148611
0 0.270703 0.697222 0.074219 0.094444
0 0.404297 0.629861 0.044531 0.079167
0 0.345313 0.572917 0.043750 0.051389
0 0.309375 0.927778 0.114062 0.144444
0 0.426563 0.558333 0.037500 0.050000
0 0.359766 0.526389 0.035156 0.038889
0 0.348828 0.481250 0.028906 0.037500
0 0.374609 0.493056 0.024219 0.033333
0 0.426172 0.518056 0.030469 0.036111
0 0.429688 0.481250 0.028125 0.031944
0 0.408984 0.458333 0.022656 0.030556
0 0.450781 0.459028 0.020313 0.034722
0 0.460156 0.429167 0.017188 0.025000
0 0.406641 0.414583 0.014844 0.020833
0 0.468359 0.400000 0.014844 0.019444
0 0.441406 0.376389 0.010937 0.013889
0 0.475000 0.384028 0.010937 0.012500
0 0.546094 0.399306 0.012500 0.023611
0 0.572656 0.389583 0.010937 0.018056
0 0.539062 0.368750 0.009375 0.012500
1 0.632031 0.439583 0.062500 0.109722
1 0.552344 0.352083 0.014063 0.031944
1 0.536719 0.345139 0.012500 0.029167
