0 0.857812 0.880556 0.129688 0.180556
0 0.246875 0.737500 0.081250 0.105556
0 0.333594 0.593750 0.050000 0.065278
0 0.402734 0.647222 0.053906 0.080556
0 0.424609 0.565972 0.036719 0.056944
0 0.352734 0.539583 0.036719 0.048611
0 0.343359 0.488889 0.032031 0.041667
0 0.373828 0.499306 0.030469 0.043056
0 0.425000 0.522917 0.029687 0.037500
0 0.427734 0.486111 0.027344 0.036111
0 0.450391 0.463889 0.022656 0.038889
0 0.408594 0.459722 0.023438 0.030556
0 0.458984 0.432639 0.019531 0.029167
0 0.468359 0.400000 0.013281 0.019444
0 0.403125 0.417361 0.012500 0.023611
0 0.439844 0.376389 0.010937 0.013889
0 0.428516 0.430556 0.014844 0.022222
0 0.474609 0.384722 0.011719 0.013889
0 0.540234 0.388194 0.011719 0.018056
0 0.567578 0.384028 0.010156 0.015278
0 0.536328 0.362500 0.010156 0.011111
0 0.584375 0.584028 0.045312 0.073611
1 0.368359 0.424306 0.057031 0.093056
1 0.614844 0.422222 0.050000 0.091667
1 0.551172 0.349306 0.013281 0.026389
1 0.536328 0.343750 0.010156 0.026389
