0 0.379297 0.711111 0.060156 0.105556
0 0.223438 0.618056 0.059375 0.072222
0 0.342969 0.570139 0.046875 0.059722
0 0.415625 0.587500 0.037500 0.063889
0 0.641797 0.567361 0.044531 0.073611
0 0.633203 0.470139 0.027344 0.037500
0 0.564453 0.416667 0.016406 0.027778
0 0.526172 0.375000 0.011719 0.016667
0 0.435937 0.525000 0.032813 0.047222
0 0.378906 0.520139 0.032813 0.043056
0 0.380469 0.486806 0.026562 0.023611
0 0.367188 0.468750 0.020313 0.026389
0 0.409375 0.456944 0.023438 0.030556
0 0.437500 0.484722 0.026562 0.030556
0 0.440625 0.454861 0.021875 0.023611
0 0.456641 0.436806 0.017969 0.031944
0 0.467578 0.415972 0.016406 0.023611
0 0.469531 0.395139 0.014063 0.012500
0 0.418359 0.398611 0.011719 0.019444
0 0.449609 0.368750 0.010156 0.015278
1 0.285547 0.654861 0.069531 0.112500
1 0.389844 0.402778 0.040625 0.069444
1 0.567187 0.368750 0.018750 0.043056
1 0.542188 0.356944 0.015625 0.038889
