1 0.325391 0.584722 0.053906 0.077778
1 0.582031 0.387500 0.031250 0.063889
1 0.549219 0.370139 0.020313 0.045833
1 0.397266 0.397222 0.038281 0.066667
0 0.345703 0.829861 0.094531 0.151389
0 0.393359 0.652778 0.053906 0.080556
0 0.420312 0.563889 0.039062 0.061111
0 0.275781 0.556944 0.046875 0.050000
0 0.361719 0.540278 0.035937 0.047222
0 0.383984 0.506250 0.025781 0.040278
0 0.441016 0.504167 0.032031 0.044444
0 0.443359 0.469444 0.022656 0.019444
0 0.410547 0.457639 0.022656 0.029167
0 0.388672 0.477083 0.025781 0.023611
0 0.370703 0.461111 0.022656 0.030556
0 0.380469 0.440278 0.020313 0.022222
0 0.446484 0.445833 0.019531 0.025000
0 0.460156 0.429861 0.017188 0.023611
0 0.466797 0.411111 0.017969 0.022222
0 0.425000 0.390278 0.009375 0.019444
0 0.439844 0.408333 0.015625 0.019444
0 0.428125 0.430556 0.018750 0.025000
0 0.617188 0.504167 0.031250 0.044444
0 0.794922 0.665972 0.077344 0.106944
0 0.538672 0.402778 0.014844 0.022222
0 0.525391 0.372222 0.011719 0.016667
0 0.453125 0.363889 0.009375 0.013889
0 0.054297 0.863194 0.107031 0.190278
