0 0.075781 0.787500 0.148438 0.158333
0 0.358594 0.788194 0.085938 0.137500
0 0.397266 0.640278 0.047656 0.080556
0 0.661719 0.579167 0.045312 0.069444
0 0.424219 0.556250 0.034375 0.062500
0 0.442188 0.497222 0.029687 0.041667
0 0.365625 0.533333 0.035937 0.044444
0 0.289453 0.543056 0.041406 0.050000
0 0.386719 0.498611 0.023438 0.033333
0 0.373047 0.455556 0.017969 0.030556
0 0.383594 0.436111 0.021875 0.022222
0 0.409375 0.456944 0.020313 0.027778
0 0.444922 0.465972 0.025781 0.023611
0 0.546094 0.418750 0.017188 0.023611
0 0.425781 0.389583 0.010937 0.018056
0 0.460156 0.426389 0.017188 0.022222
0 0.446875 0.441667 0.018750 0.025000
0 0.526563 0.377778 0.012500 0.019444
1 0.401172 0.393750 0.036719 0.065278
1 0.551953 0.374306 0.022656 0.051389
1 0.592578 0.395139 0.035156 0.068056
0 0.453906 0.364583 0.009375 0.015278
