0 0.119531 0.736111 0.121875 0.136111
0 0.367969 0.755556 0.081250 0.125000
0 0.401953 0.628472 0.049219 0.079167
0 0.751953 0.734028 0.080469 0.131944
0 0.299219 0.530556 0.037500 0.044444
0 0.424219 0.545139 0.032813 0.051389
0 0.368359 0.530556 0.036719 0.044444
0 0.388672 0.496528 0.027344 0.037500
0 0.444531 0.492361 0.025000 0.037500
0 0.375000 0.454167 0.020313 0.033333
0 0.410156 0.455556 0.020313 0.027778
0 0.446484 0.459722 0.024219 0.022222
0 0.387500 0.434028 0.020313 0.023611
0 0.426953 0.387500 0.010156 0.016667
0 0.447656 0.435417 0.018750 0.023611
0 0.418359 0.436806 0.019531 0.020833
0 0.528125 0.384028 0.012500 0.020833
1 0.403125 0.390278 0.035937 0.063889
1 0.557031 0.383333 0.026562 0.061111
1 0.603516 0.405556 0.041406 0.077778
0 0.463281 0.425694 0.015625 0.020833
0 0.441016 0.409028 0.014844 0.018056
0 0.556250 0.439583 0.020313 0.031944
