1 0.263672 0.690278 0.080469 0.116667
1 0.865625 0.718750 0.267188 0.462500
1 0.386328 0.408333 0.046094 0.077778
1 0.562891 0.365278 0.019531 0.038889
1 0.539844 0.354167 0.015625 0.033333
0 0.523438 0.369444 0.010937 0.016667
0 0.556250 0.401389 0.014063 0.022222
0 0.612891 0.442361 0.022656 0.029167
0 0.438281 0.460417 0.023438 0.029167
0 0.456250 0.440278 0.017188 0.030556
0 0.464062 0.417361 0.015625 0.020833
0 0.469531 0.395833 0.014063 0.019444
0 0.410547 0.456944 0.022656 0.027778
0 0.428906 0.429167 0.017188 0.022222
0 0.415234 0.402778 0.011719 0.022222
0 0.446484 0.370139 0.010156 0.015278
0 0.460156 0.375000 0.009375 0.013889
0 0.433594 0.490972 0.028125 0.026389
0 0.376172 0.525000 0.033594 0.041667
0 0.433984 0.530556 0.032031 0.044444
0 0.414844 0.593750 0.040625 0.062500
0 0.333203 0.586806 0.047656 0.062500
0 0.378125 0.493056 0.029687 0.025000
0 0.366797 0.472222 0.024219 0.025000
0 0.366406 0.453472 0.023438 0.018056
0 0.371875 0.730556 0.068750 0.108333
0 0.195703 0.647917 0.067969 0.076389
0 0.604297 0.498611 0.030469 0.050000
