1 0.300781 0.629167 0.064062 0.091667
1 0.392969 0.401389 0.042188 0.072222
1 0.571484 0.372222 0.025781 0.047222
1 0.544141 0.359722 0.017969 0.038889
0 0.528516 0.381944 0.013281 0.016667
0 0.575781 0.434722 0.018750 0.027778
0 0.663281 0.504861 0.034375 0.051389
0 0.717969 0.697222 0.075000 0.125000
0 0.308594 0.929167 0.129688 0.138889
0 0.241797 0.595139 0.053906 0.062500
0 0.385547 0.688194 0.058594 0.093056
0 0.418750 0.579861 0.043750 0.062500
0 0.350000 0.559028 0.043750 0.054167
0 0.381250 0.514583 0.029687 0.040278
0 0.437500 0.517361 0.031250 0.045833
0 0.408203 0.458333 0.021094 0.030556
0 0.367578 0.465972 0.021094 0.029167
0 0.439453 0.479861 0.025781 0.026389
0 0.441406 0.452778 0.021875 0.025000
0 0.457422 0.434722 0.016406 0.027778
0 0.466406 0.414583 0.014063 0.023611
0 0.419141 0.396528 0.010156 0.018056
0 0.450781 0.366667 0.010937 0.011111
0 0.467578 0.365278 0.010156 0.013889
0 0.470313 0.393750 0.010937 0.015278
0 0.524219 0.363194 0.009375 0.012500
