1 0.633203 0.440278 0.058594 0.108333
1 0.569922 0.400000 0.033594 0.077778
1 0.345313 0.552083 0.043750 0.068056
1 0.407422 0.386111 0.033594 0.061111
0 0.183594 0.656250 0.093750 0.104167
0 0.378125 0.711806 0.073438 0.109722
0 0.408984 0.604167 0.042969 0.066667
0 0.431250 0.526389 0.031250 0.050000
0 0.375781 0.522917 0.032813 0.043056
0 0.318750 0.506944 0.035937 0.038889
0 0.392188 0.490278 0.023438 0.030556
0 0.447656 0.481250 0.023438 0.031944
0 0.450000 0.452083 0.021875 0.020833
0 0.410547 0.455556 0.019531 0.027778
0 0.379297 0.445833 0.019531 0.027778
0 0.533594 0.404167 0.015625 0.027778
0 0.450781 0.431250 0.017188 0.020833
0 0.419141 0.436111 0.021094 0.016667
0 0.391797 0.431944 0.014844 0.022222
0 0.431250 0.384028 0.009375 0.015278
0 0.523047 0.374306 0.011719 0.015278
0 0.474219 0.384722 0.012500 0.016667
0 0.598828 0.522917 0.033594 0.051389
