0 0.306641 0.932639 0.108594 0.129167
0 0.383984 0.684722 0.064844 0.097222
0 0.210156 0.626389 0.081250 0.094444
0 0.410938 0.589583 0.042188 0.065278
0 0.649219 0.620833 0.056250 0.086111
0 0.326562 0.499306 0.035937 0.040278
0 0.377344 0.518750 0.031250 0.045833
0 0.433594 0.517361 0.028125 0.045833
0 0.450391 0.476389 0.024219 0.036111
0 0.394141 0.487500 0.025781 0.033333
0 0.410156 0.455556 0.018750 0.025000
0 0.383594 0.442361 0.020313 0.026389
0 0.418750 0.436806 0.020313 0.020833
0 0.451953 0.447917 0.021094 0.018056
0 0.538672 0.418750 0.019531 0.029167
0 0.451562 0.427778 0.015625 0.016667
0 0.433984 0.380556 0.010156 0.016667
0 0.523828 0.382639 0.011719 0.020833
0 0.466406 0.419444 0.015625 0.019444
1 0.412500 0.386806 0.031250 0.059722
1 0.350781 0.545833 0.045312 0.061111
1 0.578516 0.412500 0.039844 0.086111
1 0.661328 0.466667 0.078906 0.136111
