0 0.373828 0.729861 0.071094 0.109722
0 0.157812 0.692361 0.106250 0.115278
0 0.402734 0.611806 0.042969 0.068056
0 0.309766 0.515972 0.036719 0.043056
0 0.427734 0.536111 0.035156 0.047222
0 0.373437 0.524306 0.029687 0.045833
0 0.391797 0.494444 0.030469 0.036111
0 0.446875 0.485417 0.028125 0.034722
0 0.572656 0.472917 0.026562 0.037500
0 0.411328 0.455556 0.021094 0.025000
0 0.377344 0.450000 0.021875 0.030556
0 0.389062 0.432639 0.018750 0.018056
0 0.449609 0.436806 0.019531 0.023611
0 0.418750 0.436806 0.020313 0.018056
0 0.531250 0.392361 0.012500 0.023611
0 0.441016 0.409028 0.014844 0.018056
0 0.429688 0.387500 0.010937 0.019444
0 0.463672 0.370139 0.010156 0.015278
1 0.617188 0.420833 0.048438 0.088889
1 0.342969 0.557639 0.045312 0.070833
1 0.406641 0.389583 0.033594 0.059722
1 0.562109 0.390278 0.030469 0.066667
