0 0.329688 0.877083 0.106250 0.168056
0 0.389062 0.670139 0.056250 0.081944
0 0.712500 0.568056 0.050000 0.072222
0 0.592578 0.463889 0.025781 0.038889
0 0.419531 0.572222 0.037500 0.058333
0 0.357031 0.550000 0.039062 0.052778
0 0.261328 0.574306 0.049219 0.054167
0 0.382812 0.509722 0.028125 0.036111
0 0.438672 0.511806 0.032031 0.045833
0 0.369141 0.463889 0.022656 0.030556
0 0.408984 0.455556 0.021094 0.027778
0 0.442188 0.473611 0.028125 0.025000
0 0.385937 0.477778 0.028125 0.022222
0 0.443750 0.449306 0.017188 0.026389
0 0.459375 0.431944 0.017188 0.027778
0 0.467187 0.411806 0.015625 0.023611
0 0.423438 0.395139 0.012500 0.020833
0 0.532813 0.392361 0.015625 0.020833
0 0.450781 0.366667 0.009375 0.013889
0 0.461328 0.372917 0.010156 0.012500
0 0.524219 0.366667 0.010937 0.016667
1 0.576562 0.379167 0.026562 0.052778
1 0.547266 0.364583 0.019531 0.043056
1 0.396094 0.399306 0.039062 0.070833
1 0.315625 0.602083 0.059375 0.087500
