1 0.362500 0.524306 0.039062 0.056944
1 0.523438 0.372917 0.012500 0.020833
1 0.557031 0.365972 0.010937 0.020833
0 0.332031 0.491667 0.037500 0.047222
0 0.428125 0.530556 0.037500 0.052778
0 0.443750 0.488194 0.028125 0.037500
0 0.415625 0.445833 0.020313 0.025000
0 0.449219 0.457639 0.021875 0.023611
0 0.397266 0.483333 0.025781 0.030556
0 0.380078 0.440972 0.021094 0.026389
0 0.408984 0.412500 0.016406 0.022222
0 0.420703 0.397917 0.013281 0.018056
0 0.458984 0.442361 0.017969 0.023611
0 0.425391 0.427778 0.017969 0.019444
0 0.548047 0.454167 0.022656 0.036111
0 0.573047 0.430556 0.019531 0.030556
0 0.614844 0.448611 0.023438 0.030556
0 0.623047 0.513889 0.035156 0.055556
0 0.544141 0.383333 0.011719 0.016667
0 0.339844 0.844444 0.090625 0.150000
0 0.272266 0.729861 0.083594 0.101389
0 0.191797 0.656944 0.077344 0.086111
0 0.315234 0.622222 0.053906 0.072222
0 0.401953 0.645833 0.052344 0.083333
0 0.593750 0.625000 0.051562 0.088889
