1 0.769531 0.576389 0.171875 0.255556
1 0.607031 0.453472 0.064062 0.129167
1 0.353906 0.541667 0.043750 0.072222
1 0.418359 0.381944 0.030469 0.055556
0 0.328516 0.890278 0.100781 0.150000
0 0.394141 0.652778 0.061719 0.094444
0 0.251172 0.584028 0.067969 0.079167
0 0.420703 0.565972 0.039844 0.059722
0 0.438672 0.502083 0.027344 0.040278
0 0.379688 0.511806 0.031250 0.037500
0 0.341406 0.484722 0.031250 0.036111
0 0.396484 0.484028 0.024219 0.026389
0 0.409375 0.455556 0.017188 0.025000
0 0.451562 0.467361 0.023438 0.029167
0 0.387891 0.438194 0.021094 0.026389
0 0.453906 0.442361 0.018750 0.018056
0 0.419531 0.438194 0.018750 0.020833
0 0.555078 0.470139 0.024219 0.045833
0 0.530469 0.401389 0.015625 0.022222
0 0.546875 0.379861 0.010937 0.018056
0 0.559375 0.371528 0.009375 0.015278
0 0.524219 0.375000 0.010937 0.016667
0 0.439063 0.378472 0.009375 0.018056
0 0.442578 0.403472 0.011719 0.018056
0 0.431250 0.426389 0.017188 0.019444
0 0.453906 0.426389 0.017188 0.016667
0 0.130859 0.931250 0.138281 0.137500
