0 0.356641 0.795833 0.080469 0.127778
0 0.237500 0.760417 0.084375 0.106944
0 0.656250 0.777778 0.087500 0.188889
0 0.409766 0.604861 0.052344 0.079167
0 0.291797 0.538889 0.053906 0.063889
0 0.431641 0.533333 0.032031 0.052778
0 0.357422 0.466667 0.025781 0.033333
0 0.548828 0.467361 0.022656 0.034722
0 0.443750 0.483333 0.025000 0.038889
0 0.398828 0.485417 0.024219 0.031944
0 0.384375 0.508333 0.025000 0.041667
0 0.410938 0.454861 0.018750 0.026389
0 0.454688 0.456250 0.020313 0.023611
0 0.421094 0.435417 0.018750 0.020833
0 0.394531 0.427083 0.017188 0.023611
0 0.432031 0.422917 0.015625 0.018056
0 0.464844 0.413194 0.017188 0.023611
0 0.443750 0.403472 0.014063 0.018056
0 0.475391 0.384028 0.011719 0.015278
0 0.530078 0.401389 0.016406 0.022222
0 0.558984 0.404167 0.014844 0.022222
0 0.569922 0.387500 0.011719 0.016667
0 0.546094 0.377778 0.010937 0.019444
0 0.524219 0.377083 0.012500 0.018056
1 0.546484 0.352083 0.010156 0.020833
1 0.425000 0.375000 0.026562 0.047222
1 0.360938 0.527778 0.039062 0.061111
1 0.622656 0.438889 0.053125 0.094444
1 0.750000 0.658333 0.209375 0.391667
