1 0.362109 0.525694 0.041406 0.062500
1 0.844922 0.686806 0.250781 0.309722
1 0.433984 0.367361 0.022656 0.045833
1 0.541797 0.334028 0.008594 0.020833
0 0.321484 0.894444 0.114844 0.177778
0 0.254688 0.759028 0.092188 0.112500
0 0.164062 0.692361 0.087500 0.106944
0 0.304688 0.640972 0.056250 0.076389
0 0.392188 0.671528 0.059375 0.087500
0 0.425781 0.542361 0.040625 0.059722
0 0.325391 0.500000 0.039844 0.055556
0 0.562891 0.521528 0.035156 0.054167
0 0.376172 0.446528 0.022656 0.029167
0 0.413672 0.450000 0.021094 0.027778
0 0.448828 0.465278 0.022656 0.030556
0 0.442188 0.494444 0.029687 0.036111
0 0.398047 0.482639 0.024219 0.031944
0 0.405469 0.417361 0.018750 0.026389
0 0.457422 0.444444 0.021094 0.025000
0 0.539453 0.427778 0.019531 0.030556
0 0.564844 0.415278 0.017188 0.027778
0 0.601562 0.428472 0.018750 0.023611
0 0.600781 0.475000 0.026562 0.041667
0 0.562109 0.380556 0.011719 0.016667
1 0.554688 0.362500 0.009375 0.019444
