0 0.337891 0.860417 0.092969 0.143056
0 0.173828 0.873611 0.114844 0.144444
0 0.399219 0.634722 0.057813 0.080556
0 0.265625 0.566667 0.064062 0.075000
0 0.423438 0.551389 0.032813 0.052778
0 0.568359 0.514583 0.030469 0.062500
0 0.356250 0.534722 0.040625 0.061111
0 0.345703 0.479861 0.027344 0.034722
0 0.397656 0.484722 0.025000 0.030556
0 0.439453 0.493056 0.025781 0.033333
0 0.388281 0.434028 0.018750 0.026389
0 0.453516 0.461806 0.024219 0.029167
0 0.411328 0.456250 0.021094 0.026389
0 0.534375 0.417361 0.017188 0.023611
0 0.550000 0.386806 0.012500 0.020833
0 0.524609 0.382639 0.014844 0.020833
0 0.454297 0.427083 0.019531 0.026389
0 0.430078 0.423611 0.019531 0.022222
0 0.420703 0.437500 0.022656 0.025000
0 0.383203 0.509028 0.024219 0.040278
1 0.419922 0.377778 0.028906 0.052778
1 0.631641 0.487500 0.083594 0.166667
1 0.870313 0.700694 0.259375 0.429167
