0 0.773047 0.850000 0.108594 0.180556
0 0.320703 0.918056 0.111719 0.155556
0 0.389844 0.672222 0.064062 0.105556
0 0.233203 0.604861 0.075781 0.090278
0 0.415625 0.579167 0.037500 0.058333
0 0.435937 0.511111 0.028125 0.047222
0 0.378516 0.512500 0.028906 0.036111
0 0.395703 0.486111 0.024219 0.030556
0 0.334375 0.492361 0.032813 0.037500
0 0.384375 0.440278 0.020313 0.027778
0 0.410156 0.454861 0.020313 0.026389
0 0.450391 0.470139 0.024219 0.029167
0 0.544141 0.439583 0.021094 0.034722
0 0.453516 0.445139 0.021094 0.020833
0 0.526953 0.391667 0.013281 0.019444
0 0.429297 0.429167 0.016406 0.025000
0 0.434375 0.380556 0.009375 0.016667
0 0.452734 0.427778 0.016406 0.022222
0 0.396875 0.423611 0.020313 0.019444
0 0.544141 0.376389 0.010156 0.016667
0 0.523438 0.370139 0.009375 0.012500
0 0.556641 0.367361 0.010156 0.012500
0 0.547656 0.354861 0.009375 0.012500
0 0.463672 0.366667 0.010156 0.008333
1 0.414453 0.385417 0.030469 0.059722
1 0.589844 0.429861 0.048438 0.106944
1 0.699219 0.502778 0.107813 0.172222
1 0.353125 0.543750 0.043750 0.065278
