1 0.650391 0.465278 0.063281 0.116667
1 0.360938 0.527083 0.040625 0.065278
1 0.427344 0.373611 0.026562 0.050000
0 0.365625 0.757639 0.075000 0.109722
0 0.260156 0.717361 0.073438 0.090278
0 0.178906 0.905556 0.131250 0.172222
0 0.413281 0.587500 0.046875 0.075000
0 0.303125 0.528472 0.048438 0.065278
0 0.433203 0.522222 0.030469 0.050000
0 0.564063 0.517361 0.028125 0.045833
0 0.363281 0.461806 0.025000 0.034722
0 0.396484 0.484722 0.024219 0.036111
0 0.445703 0.477083 0.024219 0.034722
0 0.456641 0.451389 0.021094 0.022222
0 0.410547 0.453472 0.017969 0.026389
0 0.398047 0.425000 0.017969 0.025000
0 0.422656 0.435417 0.018750 0.023611
0 0.432422 0.421528 0.016406 0.020833
0 0.455859 0.423611 0.017969 0.019444
0 0.535937 0.418056 0.017188 0.025000
0 0.566016 0.415972 0.016406 0.023611
0 0.575391 0.393750 0.013281 0.020833
0 0.549609 0.383333 0.013281 0.019444
0 0.526172 0.385417 0.013281 0.020833
0 0.555469 0.366667 0.009375 0.013889
1 0.548438 0.352778 0.009375 0.019444
