0 0.656641 0.819444 0.082031 0.163889
0 0.311719 0.922222 0.117188 0.150000
0 0.238672 0.795139 0.100781 0.123611
0 0.129297 0.734722 0.103906 0.116667
0 0.293750 0.662500 0.064062 0.083333
0 0.386328 0.700000 0.061719 0.094444
0 0.421875 0.552778 0.042188 0.058333
0 0.319922 0.507639 0.041406 0.056944
0 0.370703 0.450000 0.021094 0.027778
0 0.397656 0.483333 0.023438 0.033333
0 0.439453 0.503472 0.027344 0.040278
0 0.447266 0.468056 0.022656 0.033333
0 0.412109 0.452083 0.019531 0.026389
0 0.423438 0.431250 0.018750 0.020833
0 0.403125 0.418750 0.015625 0.020833
0 0.414453 0.404861 0.013281 0.018056
0 0.433594 0.416667 0.015625 0.016667
0 0.457813 0.447917 0.020313 0.023611
0 0.460938 0.429167 0.017188 0.016667
0 0.521875 0.363889 0.009375 0.013889
0 0.552344 0.359028 0.009375 0.018056
0 0.560156 0.377083 0.010937 0.015278
0 0.558984 0.403472 0.014844 0.023611
0 0.590625 0.415972 0.015625 0.023611
0 0.586328 0.448611 0.019531 0.033333
0 0.550391 0.471528 0.024219 0.037500
0 0.533594 0.410417 0.015625 0.026389
0 0.453906 0.385417 0.012500 0.015278
0 0.472266 0.359722 0.008594 0.011111
0 0.474609 0.386111 0.011719 0.016667
1 0.432031 0.370139 0.025000 0.045833
1 0.541406 0.334028 0.007812 0.018056
1 0.739453 0.570833 0.141406 0.202778
1 0.362500 0.527778 0.037500 0.061111
