1 0.670312 0.546528 0.120313 0.243056
1 0.358594 0.532639 0.039062 0.062500
1 0.423047 0.375000 0.027344 0.047222
1 0.607812 0.418056 0.035937 0.077778
0 0.348047 0.824306 0.086719 0.131944
0 0.210938 0.805556 0.098437 0.119444
0 0.403906 0.620139 0.051562 0.084722
0 0.280859 0.554167 0.057031 0.072222
0 0.427344 0.540972 0.034375 0.051389
0 0.598437 0.595139 0.048438 0.090278
0 0.352734 0.473611 0.027344 0.033333
0 0.382422 0.508333 0.027344 0.038889
0 0.441797 0.486806 0.024219 0.034722
0 0.453906 0.459028 0.021875 0.026389
0 0.397266 0.481250 0.024219 0.023611
0 0.391406 0.429861 0.017188 0.026389
0 0.404687 0.418056 0.014063 0.022222
0 0.410547 0.456944 0.017969 0.025000
0 0.457422 0.437500 0.017969 0.016667
0 0.430859 0.422917 0.014844 0.020833
0 0.455078 0.421528 0.014844 0.020833
0 0.541406 0.437500 0.020313 0.030556
0 0.527734 0.390278 0.014844 0.019444
0 0.554297 0.394444 0.014844 0.022222
0 0.466016 0.363194 0.008594 0.012500
0 0.453125 0.386111 0.010937 0.013889
0 0.474609 0.384722 0.010156 0.013889
0 0.551562 0.361806 0.010937 0.012500
0 0.564844 0.381944 0.010937 0.016667
0 0.542969 0.375000 0.009375 0.013889
0 0.523438 0.372222 0.010937 0.016667
