0 0.807031 0.684722 0.078125 0.111111
0 0.588672 0.600000 0.041406 0.080556
0 0.375000 0.729861 0.068750 0.104167
0 0.278516 0.688194 0.066406 0.087500
0 0.212891 0.843750 0.114844 0.140278
0 0.085938 0.781944 0.120313 0.125000
0 0.418750 0.568750 0.045312 0.065278
0 0.435937 0.513194 0.026562 0.045833
0 0.312891 0.518750 0.044531 0.059722
0 0.366406 0.456250 0.021875 0.029167
0 0.396875 0.483333 0.026562 0.033333
0 0.446484 0.471528 0.022656 0.031944
0 0.411328 0.452778 0.021094 0.025000
0 0.400000 0.420833 0.018750 0.022222
0 0.410938 0.408333 0.015625 0.016667
0 0.422656 0.433333 0.017188 0.019444
0 0.457422 0.449306 0.019531 0.023611
0 0.432812 0.418056 0.015625 0.019444
0 0.541016 0.437500 0.019531 0.030556
0 0.574609 0.429861 0.021094 0.031944
0 0.581250 0.404167 0.017188 0.022222
0 0.553125 0.394444 0.014063 0.019444
0 0.528906 0.395139 0.015625 0.020833
0 0.556641 0.370139 0.011719 0.020833
0 0.458594 0.431944 0.018750 0.016667
