1 0.687891 0.872222 0.127344 0.252778
0 0.880859 0.786111 0.119531 0.136111
0 0.260547 0.713889 0.078906 0.100000
0 0.415234 0.582639 0.042969 0.068056
0 0.387891 0.680556 0.050781 0.083333
0 0.322656 0.506944 0.037500 0.047222
0 0.637891 0.550000 0.042969 0.069444
0 0.192578 0.646528 0.082031 0.106944
0 0.332813 0.613194 0.056250 0.068056
0 0.348828 0.557639 0.039844 0.043056
0 0.436719 0.517361 0.029687 0.043056
0 0.376172 0.443056 0.025781 0.036111
0 0.407813 0.462500 0.021875 0.033333
0 0.444141 0.472222 0.025781 0.036111
0 0.536719 0.445139 0.020313 0.029167
0 0.412500 0.407639 0.015625 0.020833
0 0.434766 0.384028 0.011719 0.018056
0 0.448828 0.370833 0.010156 0.013889
0 0.425781 0.429861 0.017188 0.018056
0 0.590625 0.461806 0.025000 0.034722
1 0.555469 0.487500 0.031250 0.063889
1 0.641016 0.468056 0.033594 0.061111
