1 0.535547 0.425694 0.021094 0.040278
1 0.577734 0.391667 0.016406 0.033333
0 0.327734 0.908333 0.092969 0.150000
0 0.152734 0.902778 0.133594 0.158333
0 0.678516 0.849306 0.099219 0.187500
0 0.735938 0.709722 0.081250 0.130556
0 0.931250 0.852778 0.137500 0.166667
0 0.391016 0.666667 0.063281 0.094444
0 0.320312 0.636111 0.060937 0.077778
0 0.278125 0.556944 0.050000 0.061111
0 0.340234 0.571528 0.046094 0.048611
0 0.424219 0.565278 0.040625 0.058333
0 0.362891 0.525000 0.039844 0.061111
0 0.356641 0.463194 0.032031 0.040278
0 0.439844 0.491667 0.031250 0.047222
0 0.397656 0.481250 0.031250 0.037500
0 0.421484 0.437500 0.017969 0.025000
0 0.397656 0.424306 0.018750 0.026389
0 0.421875 0.398611 0.014063 0.019444
0 0.436719 0.382639 0.012500 0.015278
0 0.573438 0.443056 0.020313 0.030556
0 0.603125 0.439583 0.020313 0.029167
0 0.558984 0.409028 0.016406 0.023611
0 0.551172 0.389583 0.013281 0.018056
1 0.526172 0.384722 0.014844 0.030556
