0 0.667969 0.890278 0.109375 0.211111
0 0.657813 0.569444 0.046875 0.075000
0 0.351953 0.805556 0.085156 0.141667
0 0.284766 0.706250 0.075781 0.093056
0 0.214844 0.628472 0.070312 0.079167
0 0.323047 0.609028 0.049219 0.068056
0 0.406641 0.625000 0.049219 0.072222
0 0.430859 0.521528 0.035156 0.054167
0 0.362500 0.525694 0.039062 0.062500
0 0.339453 0.482639 0.035156 0.045833
0 0.445312 0.484028 0.026562 0.037500
0 0.394922 0.482639 0.025781 0.034722
0 0.383203 0.440278 0.022656 0.033333
0 0.417578 0.445833 0.021094 0.027778
0 0.559766 0.491667 0.030469 0.052778
0 0.633594 0.473611 0.026562 0.038889
0 0.583984 0.450000 0.022656 0.033333
0 0.548828 0.446528 0.021094 0.034722
0 0.410547 0.410417 0.016406 0.023611
1 0.524609 0.380556 0.013281 0.025000
0 0.559375 0.370139 0.010937 0.023611
1 0.438672 0.365278 0.021094 0.044444
0 0.423828 0.395139 0.013281 0.018056
0 0.546484 0.389583 0.011719 0.018056
0 0.569531 0.392361 0.014063 0.018056
