0 0.117969 0.936806 0.150000 0.120833
0 0.605078 0.629861 0.050781 0.090278
0 0.663672 0.588194 0.050781 0.084722
0 0.780078 0.656944 0.071094 0.091667
0 0.384766 0.694444 0.064844 0.102778
0 0.313672 0.650694 0.064844 0.081944
0 0.266406 0.570139 0.054688 0.065278
0 0.337500 0.579861 0.045312 0.056944
0 0.421094 0.575000 0.037500 0.061111
0 0.362891 0.525694 0.039844 0.059722
0 0.437891 0.498611 0.032031 0.047222
0 0.353906 0.469444 0.032813 0.047222
0 0.397266 0.481250 0.024219 0.034722
0 0.393359 0.427778 0.019531 0.027778
0 0.420312 0.438889 0.018750 0.025000
0 0.401562 0.454167 0.021875 0.025000
0 0.564063 0.424306 0.018750 0.026389
0 0.419531 0.401389 0.014063 0.019444
0 0.434375 0.385417 0.014063 0.018056
0 0.592187 0.424306 0.018750 0.023611
1 0.531641 0.410417 0.017969 0.031944
1 0.573047 0.386111 0.014844 0.027778
