1 0.541797 0.447917 0.025781 0.051389
1 0.528125 0.396528 0.015625 0.029167
1 0.585547 0.402778 0.016406 0.033333
0 0.555859 0.400000 0.013281 0.019444
0 0.566406 0.422917 0.017188 0.029167
0 0.587500 0.468750 0.025000 0.034722
0 0.620313 0.462500 0.026562 0.033333
0 0.441016 0.486806 0.028906 0.040278
0 0.402734 0.475000 0.025781 0.033333
0 0.362109 0.459722 0.032031 0.041667
0 0.400000 0.420833 0.018750 0.030556
0 0.424219 0.395833 0.014063 0.019444
0 0.422266 0.436111 0.019531 0.025000
0 0.439453 0.379167 0.013281 0.016667
0 0.460938 0.375694 0.010937 0.015278
0 0.426563 0.551389 0.035937 0.055556
0 0.290625 0.541667 0.045312 0.052778
0 0.324219 0.626389 0.057813 0.069444
0 0.397656 0.645139 0.056250 0.087500
0 0.342578 0.570139 0.039844 0.056944
0 0.363281 0.525000 0.039062 0.061111
0 0.186328 0.842361 0.114844 0.140278
0 0.344531 0.845833 0.081250 0.130556
0 0.057031 0.824306 0.107813 0.179167
