0 0.357031 0.797222 0.068750 0.122222
0 0.212109 0.798611 0.103906 0.122222
0 0.084375 0.764583 0.129688 0.151389
0 0.402734 0.625694 0.050781 0.084722
0 0.327734 0.622222 0.058594 0.075000
0 0.299609 0.532639 0.041406 0.054167
0 0.607812 0.506250 0.031250 0.045833
0 0.644141 0.491667 0.030469 0.041667
0 0.574219 0.438889 0.020313 0.033333
0 0.560547 0.408333 0.014844 0.022222
1 0.532031 0.408333 0.017188 0.033333
1 0.593359 0.411806 0.019531 0.037500
1 0.552344 0.479861 0.029687 0.056944
1 0.362891 0.523611 0.036719 0.055556
0 0.346875 0.562500 0.040625 0.044444
0 0.428125 0.541667 0.034375 0.050000
0 0.441797 0.484722 0.027344 0.044444
0 0.402734 0.472917 0.024219 0.034722
0 0.366016 0.455556 0.027344 0.041667
0 0.402734 0.416667 0.014844 0.022222
0 0.423047 0.434028 0.017969 0.023611
0 0.406641 0.447222 0.021094 0.025000
0 0.461328 0.432639 0.017969 0.023611
0 0.426563 0.392361 0.012500 0.018056
0 0.442188 0.377083 0.010937 0.015278
0 0.462109 0.375000 0.010156 0.013889
