0 0.727344 0.686111 0.075000 0.119444
0 0.582031 0.555556 0.040625 0.069444
0 0.364453 0.758333 0.077344 0.125000
0 0.295312 0.684722 0.070312 0.091667
0 0.235937 0.605556 0.062500 0.069444
0 0.329297 0.598611 0.047656 0.063889
0 0.411719 0.605556 0.046875 0.066667
0 0.432422 0.514583 0.033594 0.051389
0 0.344141 0.479167 0.033594 0.047222
0 0.386719 0.434028 0.020313 0.026389
0 0.413281 0.408333 0.017188 0.025000
0 0.427344 0.390972 0.015625 0.018056
0 0.446875 0.476389 0.025000 0.030556
0 0.396484 0.484028 0.024219 0.034722
0 0.418359 0.441667 0.019531 0.025000
0 0.457422 0.380556 0.011719 0.016667
1 0.526563 0.386806 0.012500 0.026389
1 0.564063 0.375694 0.010937 0.023611
0 0.361719 0.527083 0.040625 0.059722
0 0.551172 0.400694 0.014844 0.020833
0 0.575781 0.401389 0.015625 0.019444
0 0.558203 0.481250 0.024219 0.040278
0 0.600781 0.479861 0.025000 0.043056
0 0.662500 0.509028 0.034375 0.045833
