0 0.234375 0.756944 0.090625 0.111111
0 0.128906 0.718056 0.106250 0.138889
0 0.369531 0.752778 0.064062 0.108333
0 0.407422 0.607639 0.047656 0.076389
0 0.330078 0.620139 0.055469 0.070833
0 0.307812 0.525000 0.040625 0.052778
0 0.642969 0.568750 0.045312 0.065278
0 0.681641 0.540278 0.044531 0.055556
0 0.431250 0.531944 0.034375 0.050000
0 0.587109 0.461806 0.027344 0.043056
0 0.347266 0.559722 0.042969 0.044444
0 0.405078 0.468056 0.024219 0.030556
0 0.369922 0.450694 0.027344 0.040278
0 0.406250 0.412500 0.017188 0.022222
0 0.430078 0.389583 0.013281 0.018056
0 0.362891 0.525694 0.038281 0.059722
0 0.442188 0.480556 0.029687 0.041667
0 0.423828 0.432639 0.017969 0.023611
0 0.568359 0.423611 0.016406 0.025000
0 0.443750 0.374306 0.010937 0.015278
1 0.537109 0.426389 0.021094 0.038889
1 0.605859 0.424306 0.022656 0.040278
1 0.569531 0.533333 0.039062 0.080556
