0 0.379297 0.717361 0.060156 0.101389
0 0.250391 0.734028 0.083594 0.106944
0 0.163281 0.679861 0.090625 0.112500
0 0.331641 0.613889 0.055469 0.069444
0 0.410938 0.596528 0.045312 0.073611
0 0.703906 0.675000 0.065625 0.100000
0 0.744922 0.613889 0.061719 0.075000
0 0.348438 0.560417 0.040625 0.045833
0 0.316016 0.511806 0.039844 0.045833
0 0.372656 0.447222 0.026562 0.038889
0 0.409375 0.409722 0.015625 0.022222
0 0.432422 0.387500 0.011719 0.019444
0 0.407813 0.464583 0.023438 0.031944
0 0.433984 0.523611 0.033594 0.047222
0 0.362891 0.523611 0.038281 0.055556
0 0.443359 0.477083 0.025781 0.040278
0 0.425391 0.433333 0.017969 0.022222
0 0.532031 0.424306 0.017188 0.026389
0 0.577734 0.438889 0.021094 0.030556
0 0.606641 0.497222 0.033594 0.050000
1 0.598437 0.628472 0.059375 0.126389
1 0.544531 0.449306 0.025000 0.048611
1 0.619141 0.443750 0.025781 0.051389
