0 0.376563 0.724306 0.071875 0.112500
0 0.304688 0.668056 0.067187 0.086111
0 0.250781 0.584028 0.057813 0.062500
0 0.334766 0.588194 0.044531 0.065278
0 0.416797 0.588889 0.042969 0.063889
0 0.624609 0.684028 0.066406 0.123611
0 0.703516 0.561111 0.044531 0.061111
0 0.623047 0.519444 0.033594 0.052778
0 0.573438 0.531250 0.034375 0.054167
0 0.435156 0.506250 0.032813 0.045833
0 0.362109 0.526389 0.039844 0.055556
0 0.348828 0.473611 0.033594 0.041667
0 0.390625 0.430556 0.020313 0.027778
0 0.396875 0.482639 0.026562 0.034722
0 0.448047 0.474306 0.024219 0.029167
0 0.418750 0.439583 0.020313 0.023611
0 0.451172 0.449306 0.022656 0.020833
0 0.460547 0.437500 0.019531 0.025000
0 0.416406 0.403472 0.017188 0.020833
0 0.430469 0.386806 0.012500 0.015278
1 0.527734 0.397917 0.016406 0.026389
1 0.567578 0.379167 0.013281 0.025000
0 0.555859 0.409722 0.016406 0.022222
0 0.582031 0.410417 0.017188 0.020833
0 0.880859 0.911111 0.150781 0.177778
