1 0.082031 0.756250 0.162500 0.206944
1 0.581250 0.427778 0.037500 0.075000
0 0.387109 0.679861 0.069531 0.123611
0 0.284375 0.675694 0.070312 0.090278
0 0.337500 0.602083 0.050000 0.062500
0 0.281250 0.551389 0.048438 0.072222
0 0.414453 0.585417 0.038281 0.059722
0 0.426563 0.531944 0.034375 0.050000
0 0.351172 0.472222 0.030469 0.038889
0 0.399219 0.481250 0.029687 0.040278
0 0.414844 0.449306 0.020313 0.026389
0 0.389062 0.429167 0.023438 0.036111
0 0.366406 0.522222 0.037500 0.058333
0 0.540625 0.427083 0.017188 0.026389
0 0.444922 0.464583 0.024219 0.031944
0 0.130469 0.914583 0.164062 0.170833
