0 0.355469 0.791667 0.095312 0.175000
0 0.275781 0.686806 0.073438 0.090278
0 0.237500 0.599306 0.065625 0.087500
0 0.400781 0.636806 0.046875 0.073611
0 0.812891 0.856250 0.125781 0.198611
0 0.334766 0.609028 0.050781 0.068056
0 0.335938 0.489583 0.032813 0.043056
0 0.349609 0.556944 0.041406 0.044444
0 0.390625 0.497917 0.029687 0.040278
0 0.419922 0.561111 0.039844 0.058333
0 0.439063 0.507639 0.029687 0.045833
0 0.412500 0.455556 0.021875 0.030556
0 0.382812 0.436111 0.026562 0.036111
0 0.418359 0.401389 0.014844 0.022222
0 0.444141 0.465278 0.025781 0.033333
0 0.558594 0.528472 0.034375 0.059722
0 0.641797 0.545139 0.042969 0.059722
0 0.426563 0.429167 0.015625 0.025000
0 0.528906 0.388889 0.012500 0.016667
0 0.439453 0.378472 0.011719 0.015278
1 0.554688 0.385417 0.023438 0.048611
1 0.611328 0.643750 0.066406 0.131944
1 0.718750 0.556250 0.059375 0.104167
