0 0.154297 0.889583 0.141406 0.170833
0 0.284766 0.672917 0.069531 0.084722
0 0.394141 0.655556 0.063281 0.113889
0 0.338672 0.600694 0.050781 0.065278
0 0.294531 0.536806 0.046875 0.062500
0 0.417969 0.571528 0.035937 0.054167
0 0.367578 0.520139 0.038281 0.059722
0 0.356250 0.465972 0.026562 0.034722
0 0.400391 0.476389 0.025781 0.036111
0 0.428906 0.526389 0.034375 0.050000
0 0.547656 0.447222 0.021875 0.030556
0 0.392188 0.426389 0.023438 0.033333
0 0.416406 0.447917 0.020313 0.026389
0 0.445312 0.464583 0.023438 0.031944
0 0.532422 0.407639 0.014844 0.026389
0 0.569531 0.421528 0.017188 0.026389
1 0.601953 0.454861 0.049219 0.095833
1 0.124219 0.709722 0.142187 0.177778
0 0.428125 0.426389 0.017188 0.019444
0 0.441797 0.403472 0.014844 0.015278
0 0.427344 0.389583 0.012500 0.018056
0 0.456250 0.385417 0.012500 0.015278
