0 0.168750 0.867361 0.131250 0.165278
0 0.283984 0.673611 0.069531 0.088889
0 0.339062 0.598611 0.050000 0.066667
0 0.397266 0.634722 0.057031 0.105556
0 0.303906 0.528472 0.042188 0.065278
0 0.420312 0.562500 0.037500 0.050000
0 0.360156 0.461806 0.026562 0.037500
0 0.403516 0.472917 0.024219 0.034722
0 0.393750 0.422917 0.021875 0.031944
0 0.417578 0.447222 0.021094 0.027778
0 0.431250 0.520833 0.032813 0.044444
0 0.370703 0.516667 0.036719 0.058333
0 0.442578 0.493750 0.027344 0.031944
0 0.446094 0.464583 0.025000 0.029167
0 0.426563 0.425694 0.020313 0.023611
0 0.558203 0.477778 0.027344 0.041667
0 0.535156 0.420139 0.018750 0.029167
0 0.581250 0.440278 0.025000 0.033333
1 0.626563 0.494444 0.065625 0.133333
1 0.154688 0.677778 0.123438 0.161111
1 0.577344 0.397222 0.014063 0.016667
