1 0.698438 0.877083 0.131250 0.245833
1 0.797266 0.640972 0.088281 0.148611
1 0.560547 0.395833 0.025781 0.058333
0 0.583594 0.609028 0.048438 0.079167
0 0.692187 0.627083 0.060937 0.087500
0 0.366406 0.743750 0.085938 0.143056
0 0.279297 0.684722 0.072656 0.091667
0 0.252734 0.580556 0.061719 0.086111
0 0.336328 0.606944 0.057031 0.066667
0 0.406250 0.619444 0.042188 0.072222
0 0.421875 0.550000 0.037500 0.058333
0 0.349219 0.555556 0.042188 0.036111
0 0.339062 0.481944 0.028125 0.036111
0 0.363281 0.522222 0.040625 0.055556
0 0.393359 0.490972 0.028906 0.040278
0 0.439453 0.500694 0.027344 0.040278
0 0.444531 0.464583 0.026562 0.031944
0 0.413672 0.454167 0.022656 0.030556
0 0.385547 0.434028 0.024219 0.034722
0 0.419531 0.399306 0.012500 0.018056
0 0.426172 0.426389 0.014844 0.019444
0 0.442578 0.376389 0.011719 0.016667
0 0.532031 0.397222 0.014063 0.019444
