1 0.790234 0.743056 0.216406 0.391667
1 0.206250 0.617361 0.096875 0.123611
1 0.566797 0.370833 0.024219 0.050000
0 0.335938 0.872917 0.101562 0.154167
0 0.186719 0.833333 0.121875 0.133333
0 0.283984 0.671528 0.069531 0.084722
0 0.341016 0.596528 0.049219 0.062500
0 0.407422 0.606250 0.050781 0.093056
0 0.601953 0.610417 0.044531 0.076389
0 0.621094 0.506250 0.032813 0.051389
0 0.547266 0.465278 0.024219 0.038889
0 0.375000 0.506250 0.037500 0.054167
0 0.318750 0.506944 0.034375 0.058333
0 0.424609 0.549306 0.030469 0.048611
0 0.430859 0.516667 0.030469 0.044444
0 0.367969 0.452083 0.026562 0.031944
0 0.405078 0.465278 0.024219 0.027778
0 0.398828 0.418750 0.021094 0.029167
0 0.417187 0.443750 0.017188 0.023611
0 0.445312 0.464583 0.023438 0.029167
0 0.525391 0.382639 0.013281 0.018056
0 0.550391 0.394444 0.013281 0.019444
0 0.590234 0.413889 0.016406 0.022222
0 0.428516 0.425000 0.014844 0.019444
