0 0.643359 0.818750 0.089844 0.162500
0 0.807813 0.813889 0.109375 0.158333
0 0.376172 0.711111 0.072656 0.141667
0 0.282422 0.675694 0.071094 0.084722
0 0.269922 0.563889 0.052344 0.069444
0 0.338672 0.603472 0.053906 0.065278
0 0.410547 0.600000 0.038281 0.063889
0 0.424219 0.540278 0.035937 0.050000
0 0.345703 0.477083 0.032031 0.037500
0 0.396875 0.486111 0.031250 0.038889
0 0.348438 0.554861 0.040625 0.043056
0 0.363672 0.524306 0.039844 0.056944
0 0.441016 0.498611 0.027344 0.041667
0 0.388281 0.431250 0.025000 0.034722
0 0.414453 0.452083 0.021094 0.026389
0 0.446094 0.463889 0.025000 0.030556
0 0.425781 0.427083 0.015625 0.020833
0 0.422656 0.395139 0.010937 0.018056
0 0.535156 0.410417 0.015625 0.023611
1 0.569531 0.410417 0.032813 0.068056
1 0.065234 0.794444 0.127344 0.222222
1 0.944141 0.843750 0.111719 0.276389
