1 0.573438 0.535417 0.040625 0.081944
1 0.670312 0.501389 0.040625 0.077778
0 0.685937 0.636806 0.060937 0.104167
0 0.337500 0.844444 0.106250 0.188889
0 0.268359 0.698611 0.077344 0.091667
0 0.214844 0.622222 0.073438 0.094444
0 0.333984 0.611806 0.057031 0.070833
0 0.395313 0.656944 0.050000 0.077778
0 0.328516 0.497222 0.033594 0.041667
0 0.417187 0.572222 0.042188 0.063889
0 0.437109 0.511806 0.030469 0.045833
0 0.347266 0.559028 0.041406 0.045833
0 0.409766 0.459028 0.021094 0.031944
0 0.379688 0.440278 0.026562 0.036111
0 0.443359 0.470139 0.027344 0.037500
0 0.425781 0.429861 0.020313 0.020833
0 0.414453 0.402778 0.013281 0.019444
0 0.545312 0.476389 0.026562 0.038889
0 0.436719 0.381944 0.012500 0.016667
0 0.450000 0.368056 0.009375 0.013889
0 0.466016 0.370139 0.008594 0.012500
0 0.526953 0.380556 0.011719 0.016667
0 0.388672 0.502083 0.030469 0.043056
0 0.610156 0.494444 0.029687 0.044444
