1 0.184375 0.645139 0.109375 0.143056
1 0.679688 0.572917 0.107813 0.201389
0 0.574219 0.529861 0.032813 0.054167
0 0.598047 0.468056 0.027344 0.038889
0 0.540625 0.440972 0.020313 0.034722
0 0.610938 0.443056 0.021875 0.027778
0 0.583594 0.405556 0.015625 0.022222
0 0.403125 0.618056 0.054688 0.097222
0 0.340234 0.599306 0.050781 0.065278
0 0.284375 0.671528 0.070312 0.081944
0 0.180859 0.846528 0.127344 0.148611
0 0.326953 0.913194 0.110156 0.173611
0 0.312891 0.515278 0.039844 0.058333
0 0.364453 0.457639 0.025781 0.037500
0 0.372266 0.509722 0.036719 0.052778
0 0.404687 0.468750 0.025000 0.034722
0 0.422656 0.553472 0.032813 0.045833
0 0.431641 0.515972 0.032031 0.037500
0 0.441797 0.491667 0.027344 0.030556
0 0.445703 0.461806 0.025781 0.026389
0 0.417578 0.444444 0.017969 0.022222
0 0.429297 0.425694 0.016406 0.020833
0 0.396875 0.420139 0.021875 0.029167
0 0.431250 0.384028 0.010937 0.015278
0 0.440234 0.400000 0.013281 0.016667
