0 0.346484 0.836806 0.091406 0.143056
0 0.193750 0.825000 0.118750 0.138889
0 0.285156 0.671528 0.068750 0.084722
0 0.675781 0.819444 0.085938 0.163889
0 0.662109 0.575000 0.047656 0.072222
0 0.408984 0.597917 0.047656 0.093056
0 0.342969 0.595139 0.054688 0.062500
0 0.558984 0.504861 0.030469 0.054167
0 0.678906 0.519444 0.037500 0.050000
0 0.327734 0.495833 0.036719 0.058333
0 0.378516 0.500000 0.033594 0.058333
0 0.425391 0.538194 0.030469 0.034722
0 0.430469 0.511111 0.032813 0.038889
0 0.407422 0.465972 0.025781 0.029167
0 0.371094 0.448611 0.023438 0.033333
0 0.401562 0.416667 0.021875 0.033333
0 0.444922 0.465278 0.027344 0.033333
0 0.428516 0.423611 0.016406 0.019444
0 0.527344 0.393056 0.014063 0.019444
0 0.555859 0.403472 0.016406 0.023611
0 0.601953 0.426389 0.019531 0.025000
1 0.570312 0.372917 0.021875 0.048611
1 0.225781 0.599306 0.089063 0.123611
