0 0.315234 0.871528 0.100781 0.154167
0 0.219922 0.777778 0.105469 0.116667
0 0.285156 0.674306 0.070312 0.090278
0 0.391797 0.674306 0.058594 0.087500
0 0.358594 0.558333 0.040625 0.055556
0 0.416406 0.572222 0.048438 0.080556
0 0.569922 0.536111 0.035156 0.058333
0 0.633203 0.545833 0.036719 0.055556
0 0.544922 0.445139 0.021094 0.031944
0 0.371875 0.518750 0.032813 0.045833
0 0.368359 0.452083 0.024219 0.048611
0 0.393359 0.424306 0.019531 0.026389
0 0.439453 0.404861 0.014844 0.020833
0 0.450000 0.388194 0.014063 0.018056
0 0.446094 0.370833 0.012500 0.013889
0 0.419531 0.397222 0.015625 0.025000
0 0.444922 0.464583 0.025781 0.031944
0 0.395313 0.476389 0.028125 0.041667
0 0.528516 0.400694 0.014844 0.023611
0 0.591016 0.419444 0.017969 0.022222
0 0.550781 0.392361 0.012500 0.018056
0 0.421875 0.427778 0.020313 0.022222
0 0.418359 0.443750 0.017969 0.023611
0 0.432422 0.511111 0.032031 0.036111
0 0.871094 0.756250 0.095312 0.131944
1 0.654687 0.461111 0.073438 0.127778
1 0.314063 0.503472 0.050000 0.079167
