0 0.617969 0.687500 0.065625 0.113889
0 0.914062 0.795139 0.118750 0.162500
0 0.362891 0.775694 0.078906 0.120833
0 0.201172 0.809028 0.113281 0.129167
0 0.284375 0.674306 0.068750 0.087500
0 0.343359 0.594444 0.047656 0.066667
0 0.412891 0.581250 0.042969 0.084722
0 0.340625 0.479861 0.034375 0.051389
0 0.376563 0.443750 0.025000 0.031944
0 0.533984 0.420833 0.017969 0.027778
0 0.572266 0.436806 0.021094 0.031944
0 0.607812 0.434028 0.020313 0.026389
0 0.628125 0.459722 0.026562 0.036111
0 0.431641 0.513889 0.028906 0.041667
0 0.385156 0.494444 0.031250 0.052778
0 0.408594 0.461806 0.021875 0.029167
0 0.444922 0.464583 0.025781 0.034722
0 0.430469 0.419444 0.015625 0.019444
0 0.553125 0.397917 0.012500 0.018056
1 0.579688 0.384028 0.028125 0.056944
1 0.257031 0.568056 0.075000 0.111111
