1 0.084375 0.757639 0.167187 0.390278
1 0.289453 0.534722 0.060156 0.091667
1 0.605078 0.409722 0.039844 0.080556
0 0.380859 0.722222 0.069531 0.108333
0 0.211719 0.794444 0.106250 0.133333
0 0.285547 0.672222 0.069531 0.088889
0 0.350000 0.579167 0.045312 0.058333
0 0.417187 0.571528 0.046875 0.076389
0 0.362891 0.534028 0.036719 0.043056
0 0.558203 0.512500 0.032031 0.050000
0 0.637891 0.546528 0.041406 0.062500
0 0.724219 0.572917 0.048438 0.065278
0 0.660937 0.500694 0.031250 0.045833
0 0.391016 0.484028 0.035156 0.045833
0 0.356250 0.463194 0.029687 0.045833
0 0.383594 0.432639 0.020313 0.029167
0 0.445312 0.466667 0.025000 0.033333
0 0.408984 0.460417 0.019531 0.029167
0 0.433594 0.413889 0.015625 0.019444
0 0.443750 0.397917 0.014063 0.020833
0 0.538281 0.427083 0.017188 0.026389
0 0.573828 0.438194 0.017969 0.031944
0 0.530469 0.393750 0.015625 0.023611
0 0.570312 0.393056 0.014063 0.022222
