0 0.333594 0.811111 0.090625 0.130556
0 0.225781 0.766667 0.098437 0.111111
0 0.290234 0.661111 0.066406 0.080556
0 0.398828 0.648611 0.055469 0.086111
0 0.671094 0.867361 0.092188 0.190278
0 0.792969 0.810417 0.098437 0.151389
0 0.570703 0.529861 0.036719 0.054167
0 0.367188 0.545833 0.042188 0.052778
0 0.417187 0.568056 0.043750 0.072222
0 0.378516 0.505556 0.030469 0.033333
0 0.398047 0.470139 0.027344 0.043056
0 0.374219 0.440972 0.023438 0.034722
0 0.397656 0.416667 0.018750 0.022222
0 0.432422 0.511806 0.030469 0.040278
0 0.446484 0.467361 0.022656 0.034722
0 0.538281 0.433333 0.020313 0.036111
0 0.614453 0.446528 0.022656 0.031944
0 0.564844 0.413889 0.017188 0.022222
0 0.583984 0.402778 0.013281 0.022222
0 0.525781 0.383333 0.012500 0.016667
0 0.444141 0.397222 0.013281 0.016667
0 0.425781 0.420833 0.018750 0.025000
0 0.423828 0.390972 0.016406 0.020833
0 0.417578 0.443750 0.019531 0.023611
0 0.461328 0.432639 0.019531 0.023611
1 0.739844 0.558333 0.142187 0.236111
1 0.329297 0.488194 0.044531 0.073611
