0 0.207422 0.796528 0.110156 0.126389
0 0.284766 0.674306 0.069531 0.093056
0 0.374609 0.738889 0.074219 0.116667
0 0.346484 0.586806 0.047656 0.068056
0 0.416797 0.570833 0.046094 0.077778
0 0.350000 0.469444 0.028125 0.050000
0 0.388672 0.484722 0.032031 0.047222
0 0.547266 0.471528 0.025781 0.040278
0 0.605078 0.494444 0.030469 0.047222
0 0.638672 0.470833 0.022656 0.036111
0 0.681250 0.520139 0.034375 0.048611
0 0.381250 0.435417 0.020313 0.026389
0 0.408203 0.460417 0.022656 0.029167
0 0.445703 0.464583 0.025781 0.029167
0 0.533594 0.409028 0.017188 0.026389
0 0.565234 0.422222 0.016406 0.027778
0 0.432812 0.415278 0.015625 0.019444
0 0.408203 0.408333 0.017969 0.027778
0 0.435937 0.383333 0.010937 0.016667
0 0.456641 0.381944 0.011719 0.016667
0 0.528516 0.384722 0.013281 0.016667
0 0.566016 0.387500 0.011719 0.016667
0 0.464062 0.417361 0.015625 0.020833
1 0.280078 0.543056 0.063281 0.094444
1 0.594922 0.400694 0.035156 0.070833
1 0.067969 0.766667 0.134375 0.355556
