0 0.196484 0.818056 0.116406 0.136111
0 0.357031 0.806944 0.082812 0.133333
0 0.285156 0.671528 0.070312 0.081944
0 0.341797 0.592361 0.047656 0.059722
0 0.412500 0.587500 0.050000 0.083333
0 0.578516 0.565972 0.039844 0.073611
0 0.740625 0.697917 0.079687 0.120833
0 0.747656 0.596528 0.057813 0.076389
0 0.612891 0.440972 0.021094 0.029167
0 0.562500 0.417361 0.017188 0.026389
0 0.596875 0.419444 0.017188 0.022222
0 0.529687 0.404861 0.014063 0.020833
0 0.382031 0.497222 0.032813 0.050000
0 0.336328 0.487500 0.032031 0.058333
0 0.373437 0.445833 0.023438 0.030556
0 0.407422 0.461806 0.022656 0.029167
0 0.445312 0.465278 0.025000 0.033333
0 0.432422 0.517361 0.030469 0.045833
1 0.241016 0.584028 0.080469 0.115278
1 0.574219 0.377778 0.025000 0.050000
0 0.429297 0.424306 0.016406 0.023611
0 0.403516 0.415278 0.021094 0.030556
0 0.433203 0.393750 0.014844 0.018056
0 0.452734 0.389583 0.013281 0.018056
