1 0.165234 0.587500 0.186719 0.225000
1 0.322266 0.495139 0.049219 0.073611
1 0.685937 0.498611 0.093750 0.163889
0 0.597266 0.625694 0.047656 0.084722
0 0.680859 0.624306 0.053906 0.087500
0 0.325391 0.841667 0.096094 0.144444
0 0.220312 0.772222 0.104688 0.111111
0 0.287891 0.666667 0.071094 0.086111
0 0.396484 0.661806 0.057031 0.084722
0 0.416797 0.572222 0.044531 0.077778
0 0.364453 0.553472 0.042969 0.059722
0 0.554297 0.477778 0.025781 0.038889
0 0.373828 0.508333 0.030469 0.033333
0 0.394922 0.423611 0.024219 0.030556
0 0.371094 0.445833 0.025000 0.036111
0 0.395703 0.474306 0.027344 0.043056
0 0.430859 0.513889 0.032031 0.036111
0 0.446094 0.465972 0.026562 0.031944
0 0.411328 0.457639 0.022656 0.026389
0 0.532813 0.412500 0.018750 0.025000
0 0.600781 0.430556 0.020313 0.025000
0 0.441406 0.402083 0.014063 0.020833
0 0.466016 0.415972 0.016406 0.018056
0 0.424609 0.425694 0.021094 0.026389
0 0.420703 0.393750 0.014844 0.023611
0 0.557031 0.401389 0.014063 0.022222
0 0.578125 0.393750 0.014063 0.018056
