0 0.383203 0.706250 0.067969 0.101389
0 0.215234 0.781944 0.107031 0.122222
0 0.283984 0.670139 0.067969 0.084722
0 0.582812 0.590972 0.043750 0.073611
0 0.292578 0.922917 0.116406 0.145833
0 0.700000 0.650694 0.067187 0.093056
0 0.799219 0.661111 0.071875 0.088889
0 0.699219 0.545139 0.040625 0.059722
0 0.543750 0.449306 0.020313 0.029167
0 0.585938 0.462500 0.021875 0.036111
0 0.352344 0.572917 0.043750 0.056944
0 0.417578 0.570833 0.047656 0.075000
0 0.365234 0.527083 0.036719 0.037500
0 0.361719 0.461806 0.026562 0.040278
0 0.388281 0.428472 0.021875 0.029167
0 0.413672 0.402778 0.019531 0.025000
0 0.442188 0.376389 0.012500 0.013889
0 0.445312 0.395139 0.014063 0.018056
0 0.437500 0.410417 0.015625 0.020833
0 0.410938 0.459028 0.020313 0.026389
0 0.391797 0.479167 0.028906 0.041667
0 0.418750 0.440278 0.017188 0.025000
0 0.445703 0.463889 0.025781 0.027778
0 0.433984 0.515972 0.028906 0.040278
0 0.533594 0.406250 0.015625 0.020833
0 0.577344 0.399306 0.015625 0.020833
0 0.465234 0.415972 0.014844 0.018056
1 0.298828 0.522917 0.055469 0.090278
1 0.140234 0.697917 0.114844 0.331944
1 0.616797 0.421528 0.050781 0.090278
