1 0.586328 0.388889 0.032031 0.063889
1 0.268750 0.554167 0.068750 0.100000
0 0.369141 0.757639 0.075781 0.118056
0 0.205469 0.804861 0.110937 0.129167
0 0.284375 0.673611 0.070312 0.086111
0 0.344922 0.592361 0.050781 0.065278
0 0.416797 0.575000 0.046094 0.080556
0 0.385937 0.493056 0.031250 0.052778
0 0.346094 0.476389 0.032813 0.047222
0 0.378906 0.438194 0.023438 0.031944
0 0.432422 0.513194 0.030469 0.037500
0 0.445703 0.465972 0.024219 0.031944
0 0.431250 0.418750 0.014063 0.020833
0 0.409375 0.462500 0.023438 0.033333
0 0.539062 0.439583 0.020313 0.029167
0 0.584766 0.459028 0.024219 0.034722
0 0.619922 0.447222 0.021094 0.030556
0 0.650000 0.484028 0.028125 0.040278
0 0.558203 0.408333 0.014844 0.022222
