1 0.112891 0.725694 0.221094 0.418056
1 0.306250 0.512500 0.051562 0.080556
1 0.633203 0.440278 0.061719 0.102778
0 0.215625 0.779861 0.109375 0.115278
0 0.301172 0.904167 0.114844 0.161111
0 0.284375 0.674306 0.071875 0.095833
0 0.388281 0.687500 0.062500 0.094444
0 0.356250 0.566667 0.043750 0.055556
0 0.417187 0.572222 0.046875 0.080556
0 0.369141 0.520833 0.032031 0.038889
0 0.363672 0.456250 0.027344 0.051389
0 0.394922 0.476389 0.032031 0.044444
0 0.444531 0.465972 0.025000 0.034722
0 0.553125 0.482639 0.026562 0.045833
0 0.627734 0.748611 0.072656 0.141667
0 0.834766 0.879861 0.128906 0.181944
0 0.934375 0.824306 0.121875 0.154167
0 0.755469 0.612500 0.056250 0.075000
0 0.390234 0.427083 0.021094 0.026389
0 0.437500 0.408333 0.015625 0.019444
0 0.419531 0.443750 0.018750 0.023611
0 0.417187 0.399306 0.015625 0.026389
0 0.538281 0.422917 0.017188 0.026389
0 0.583594 0.409722 0.015625 0.022222
0 0.526172 0.389583 0.016406 0.020833
0 0.567578 0.380556 0.010156 0.016667
0 0.604297 0.493750 0.025781 0.040278
