1 0.567187 0.400000 0.025000 0.050000
1 0.341797 0.471528 0.044531 0.062500
0 0.231641 0.754861 0.100781 0.109722
0 0.348438 0.769444 0.087500 0.127778
0 0.301563 0.643056 0.065625 0.077778
0 0.405078 0.634722 0.053906 0.075000
0 0.416797 0.565972 0.044531 0.070833
0 0.370312 0.540972 0.039062 0.051389
0 0.399219 0.469444 0.028125 0.041667
0 0.548438 0.449306 0.028125 0.037500
0 0.589063 0.456250 0.018750 0.029167
0 0.444922 0.464583 0.025781 0.031944
0 0.419141 0.443056 0.019531 0.027778
0 0.403516 0.410417 0.017969 0.023611
0 0.380859 0.436111 0.027344 0.038889
0 0.427734 0.418056 0.016406 0.019444
0 0.462109 0.431250 0.017969 0.023611
0 0.449609 0.389583 0.011719 0.015278
0 0.427734 0.386806 0.014844 0.020833
0 0.530469 0.403472 0.012500 0.018056
0 0.587500 0.407639 0.014063 0.020833
0 0.558984 0.495139 0.030469 0.054167
0 0.600781 0.424306 0.015625 0.026389
0 0.432812 0.511806 0.031250 0.037500
0 0.682031 0.872917 0.103125 0.181944
0 0.650781 0.493056 0.031250 0.038889
