1 0.682031 0.560417 0.093750 0.173611
1 0.366016 0.447222 0.036719 0.050000
1 0.578516 0.442361 0.025781 0.043056
0 0.575000 0.560417 0.039062 0.065278
0 0.366406 0.713889 0.070312 0.100000
0 0.263281 0.701389 0.081250 0.091667
0 0.185938 0.682639 0.078125 0.095833
0 0.330469 0.595833 0.051562 0.063889
0 0.406641 0.622222 0.050781 0.075000
0 0.384766 0.515972 0.035156 0.045833
0 0.418359 0.559722 0.044531 0.063889
0 0.431250 0.511111 0.029687 0.036111
0 0.537109 0.415278 0.017969 0.027778
0 0.444922 0.465972 0.024219 0.031944
0 0.426953 0.428472 0.019531 0.023611
0 0.419141 0.396528 0.014844 0.020833
0 0.441797 0.399306 0.013281 0.020833
0 0.401172 0.463194 0.027344 0.040278
0 0.328516 0.915972 0.099219 0.159722
