0 0.336328 0.884722 0.094531 0.147222
0 0.367188 0.711806 0.068750 0.101389
0 0.268359 0.693056 0.077344 0.091667
0 0.213281 0.644444 0.073438 0.075000
0 0.335156 0.588889 0.051562 0.063889
0 0.407422 0.624306 0.047656 0.073611
0 0.613281 0.686111 0.060937 0.108333
0 0.419141 0.560417 0.044531 0.065278
0 0.387109 0.512500 0.035156 0.041667
0 0.400781 0.465972 0.025000 0.043056
0 0.430078 0.425000 0.017969 0.027778
0 0.421875 0.392361 0.015625 0.020833
0 0.445312 0.395833 0.014063 0.019444
0 0.544141 0.435417 0.021094 0.034722
0 0.597656 0.423611 0.017188 0.025000
0 0.445703 0.464583 0.024219 0.031944
0 0.432812 0.512500 0.031250 0.038889
1 0.369922 0.444444 0.032031 0.052778
1 0.595703 0.470833 0.028906 0.052778
1 0.787891 0.704167 0.186719 0.308333
0 0.687109 0.533333 0.038281 0.050000
