0 0.353125 0.746528 0.078125 0.109722
0 0.238672 0.742361 0.096094 0.106944
0 0.310156 0.629861 0.059375 0.070833
0 0.403516 0.630556 0.052344 0.077778
0 0.579688 0.553472 0.040625 0.076389
0 0.678516 0.526389 0.036719 0.050000
0 0.560547 0.488194 0.028906 0.054167
0 0.606250 0.486806 0.026562 0.040278
0 0.610938 0.435417 0.020313 0.029167
0 0.533594 0.415972 0.017188 0.023611
0 0.418359 0.561111 0.044531 0.063889
0 0.374609 0.530556 0.035156 0.047222
0 0.384375 0.496528 0.026562 0.031944
0 0.432031 0.511806 0.032813 0.037500
0 0.445703 0.464583 0.024219 0.031944
0 0.420703 0.439583 0.021094 0.023611
0 0.432422 0.411806 0.016406 0.023611
0 0.406250 0.407639 0.018750 0.023611
0 0.385156 0.431944 0.023438 0.036111
0 0.400000 0.465972 0.026562 0.043056
1 0.575391 0.412500 0.033594 0.063889
1 0.345313 0.466667 0.037500 0.055556
