1 0.828516 0.665972 0.241406 0.373611
1 0.557031 0.387500 0.025000 0.050000
1 0.336328 0.479861 0.044531 0.062500
0 0.227734 0.761806 0.100781 0.109722
0 0.340625 0.791667 0.087500 0.127778
0 0.296094 0.651389 0.065625 0.077778
0 0.599219 0.621528 0.048438 0.081944
0 0.402734 0.638889 0.053906 0.075000
0 0.417578 0.565278 0.042969 0.072222
0 0.370312 0.540972 0.039062 0.051389
0 0.399219 0.469444 0.028125 0.041667
0 0.546484 0.456944 0.024219 0.036111
0 0.630469 0.465972 0.026562 0.037500
0 0.575000 0.431250 0.018750 0.026389
0 0.444922 0.464583 0.025781 0.031944
0 0.419141 0.443056 0.019531 0.027778
0 0.401172 0.414583 0.017969 0.023611
0 0.378516 0.438889 0.022656 0.036111
0 0.427734 0.418056 0.016406 0.019444
0 0.462109 0.431250 0.017969 0.023611
0 0.446484 0.393750 0.011719 0.015278
0 0.425391 0.388194 0.014844 0.020833
0 0.527344 0.390972 0.012500 0.018056
0 0.591406 0.411806 0.014063 0.020833
