0 0.364453 0.716667 0.071094 0.100000
0 0.258594 0.711111 0.082812 0.100000
0 0.160938 0.715278 0.093750 0.105556
0 0.319922 0.929861 0.103906 0.140278
0 0.701172 0.878472 0.127344 0.226389
0 0.800781 0.811111 0.101562 0.163889
0 0.935156 0.844444 0.129688 0.166667
0 0.326562 0.604167 0.051562 0.069444
0 0.406641 0.625000 0.050781 0.075000
0 0.557422 0.501389 0.030469 0.044444
0 0.417969 0.558333 0.045312 0.063889
0 0.382812 0.518056 0.035937 0.041667
0 0.432812 0.512500 0.032813 0.038889
0 0.390234 0.486111 0.028906 0.030556
0 0.445312 0.466667 0.025000 0.033333
0 0.424609 0.432639 0.017969 0.029167
0 0.401562 0.462500 0.028125 0.036111
0 0.416016 0.400000 0.016406 0.022222
0 0.439453 0.403472 0.014844 0.018056
0 0.462891 0.429167 0.017969 0.025000
0 0.532813 0.400000 0.015625 0.025000
0 0.579688 0.400000 0.014063 0.019444
1 0.568359 0.422917 0.019531 0.034722
