1 0.658203 0.579861 0.057031 0.106944
1 0.312891 0.479861 0.092969 0.137500
1 0.378516 0.434028 0.027344 0.048611
0 0.803906 0.669444 0.070312 0.094444
0 0.345703 0.850694 0.082031 0.134722
0 0.171875 0.896528 0.135937 0.170833
0 0.366406 0.706250 0.070312 0.095833
0 0.276953 0.676389 0.072656 0.086111
0 0.251172 0.601389 0.058594 0.066667
0 0.343750 0.572917 0.046875 0.059722
0 0.420703 0.561111 0.042969 0.072222
0 0.407813 0.619444 0.048438 0.069444
0 0.389062 0.511806 0.037500 0.045833
0 0.431641 0.511806 0.030469 0.037500
0 0.565234 0.504167 0.032031 0.055556
0 0.626563 0.459722 0.023438 0.036111
0 0.529687 0.402083 0.015625 0.023611
0 0.584375 0.409722 0.017188 0.022222
0 0.401172 0.463194 0.024219 0.040278
0 0.434766 0.416667 0.016406 0.022222
0 0.446094 0.465278 0.026562 0.030556
0 0.426953 0.386806 0.011719 0.018056
0 0.452344 0.388194 0.012500 0.015278
