1 0.606641 0.454861 0.046094 0.095833
1 0.357422 0.456250 0.036719 0.056944
1 0.559766 0.409028 0.019531 0.034722
0 0.789453 0.663889 0.074219 0.091667
0 0.685156 0.622222 0.053125 0.083333
0 0.611328 0.638889 0.061719 0.125000
0 0.361328 0.724306 0.072656 0.098611
0 0.251563 0.720139 0.085938 0.098611
0 0.125000 0.754861 0.107813 0.109722
0 0.320703 0.613194 0.052344 0.068056
0 0.405469 0.625694 0.048438 0.073611
0 0.419141 0.561806 0.044531 0.065278
0 0.380078 0.521528 0.035156 0.043056
0 0.432812 0.513889 0.034375 0.038889
0 0.444922 0.466667 0.025781 0.036111
0 0.401562 0.464583 0.028125 0.040278
0 0.423828 0.435417 0.017969 0.023611
0 0.546094 0.460417 0.021875 0.031944
0 0.391406 0.424306 0.020313 0.034722
0 0.413281 0.402083 0.015625 0.023611
0 0.437109 0.406944 0.014844 0.022222
