0 0.341406 0.868750 0.090625 0.148611
0 0.367188 0.706944 0.070312 0.097222
0 0.272656 0.688194 0.075000 0.090278
0 0.233203 0.622222 0.067969 0.072222
0 0.339062 0.581944 0.048438 0.063889
0 0.407813 0.622917 0.048438 0.070833
0 0.419531 0.561111 0.042188 0.066667
0 0.553516 0.460417 0.024219 0.043056
0 0.387109 0.510417 0.033594 0.043056
0 0.730859 0.584028 0.047656 0.070833
0 0.609766 0.436806 0.017969 0.026389
0 0.576562 0.397917 0.015625 0.018056
0 0.528125 0.391667 0.015625 0.022222
0 0.431641 0.420139 0.017969 0.026389
0 0.448828 0.391667 0.013281 0.022222
0 0.424609 0.390278 0.014844 0.022222
1 0.618750 0.509722 0.039062 0.072222
1 0.374609 0.440972 0.030469 0.051389
1 0.319922 0.480556 0.069531 0.127778
