0 0.358594 0.733333 0.075000 0.105556
0 0.245312 0.727083 0.093750 0.098611
0 0.086719 0.802083 0.123438 0.126389
0 0.624219 0.686806 0.064062 0.137500
0 0.721875 0.580556 0.051562 0.066667
0 0.637109 0.538194 0.033594 0.056944
0 0.579297 0.540278 0.039844 0.077778
0 0.405078 0.627778 0.052344 0.075000
0 0.316406 0.618750 0.056250 0.065278
0 0.378125 0.527083 0.035937 0.048611
0 0.417969 0.560417 0.043750 0.065278
0 0.388281 0.490972 0.029687 0.034722
0 0.432031 0.512500 0.031250 0.038889
0 0.539062 0.436111 0.020313 0.030556
0 0.446875 0.466667 0.025000 0.033333
0 0.421875 0.437500 0.018750 0.025000
0 0.409766 0.404861 0.016406 0.023611
0 0.453516 0.384028 0.011719 0.015278
0 0.435156 0.409028 0.015625 0.020833
0 0.400781 0.463889 0.025000 0.038889
0 0.388672 0.427778 0.019531 0.033333
0 0.527344 0.379167 0.010937 0.019444
0 0.463281 0.431250 0.017188 0.023611
1 0.587891 0.434028 0.038281 0.076389
1 0.555078 0.397222 0.016406 0.030556
1 0.353125 0.465278 0.037500 0.061111
