0 0.350781 0.831250 0.079687 0.129167
0 0.367188 0.706944 0.068750 0.097222
0 0.303516 0.629167 0.064844 0.069444
0 0.269922 0.712500 0.080469 0.102778
0 0.407813 0.621528 0.050000 0.068056
0 0.603906 0.620139 0.054688 0.098611
0 0.705859 0.563194 0.049219 0.062500
0 0.101172 0.754861 0.103906 0.106944
0 0.335547 0.500694 0.035156 0.048611
0 0.368359 0.534722 0.039844 0.050000
0 0.419141 0.558333 0.042969 0.063889
0 0.393359 0.493750 0.025781 0.037500
0 0.432812 0.511806 0.031250 0.037500
0 0.445312 0.463194 0.023438 0.029167
0 0.438281 0.410417 0.015625 0.020833
0 0.417187 0.443056 0.025000 0.038889
0 0.407422 0.404167 0.022656 0.033333
0 0.533203 0.410417 0.019531 0.031944
0 0.596875 0.462500 0.025000 0.038889
0 0.555469 0.493056 0.028125 0.041667
1 0.366406 0.430556 0.056250 0.091667
