0 0.625391 0.690278 0.069531 0.119444
0 0.732812 0.590278 0.051562 0.066667
0 0.557813 0.480556 0.031250 0.050000
0 0.626172 0.465278 0.025781 0.036111
0 0.537891 0.432639 0.019531 0.029167
0 0.567969 0.415278 0.017188 0.027778
0 0.526953 0.386111 0.014844 0.025000
0 0.567578 0.384722 0.013281 0.019444
0 0.449219 0.393056 0.012500 0.019444
0 0.431250 0.420139 0.017188 0.023611
0 0.410938 0.450694 0.026562 0.037500
0 0.393359 0.500694 0.030469 0.040278
0 0.433594 0.514583 0.032813 0.040278
0 0.445703 0.463889 0.025781 0.030556
0 0.419922 0.559722 0.046094 0.063889
0 0.407422 0.623611 0.049219 0.072222
0 0.363672 0.543056 0.042969 0.050000
0 0.320312 0.520139 0.039062 0.051389
0 0.366406 0.707639 0.068750 0.098611
0 0.296875 0.643750 0.067187 0.076389
0 0.256250 0.740972 0.089063 0.118056
0 0.350391 0.832639 0.083594 0.129167
0 0.048047 0.838194 0.094531 0.129167
1 0.353125 0.441667 0.062500 0.100000
1 0.400391 0.411111 0.025781 0.036111
