0 0.811719 0.687500 0.070312 0.097222
0 0.349219 0.834722 0.084375 0.130556
0 0.233594 0.780556 0.101562 0.133333
0 0.290625 0.655556 0.068750 0.086111
0 0.366406 0.706944 0.070312 0.097222
0 0.407422 0.622917 0.050781 0.070833
0 0.302344 0.540972 0.043750 0.054167
0 0.357031 0.552778 0.043750 0.055556
0 0.418750 0.557639 0.045312 0.062500
0 0.560937 0.500000 0.034375 0.052778
0 0.646094 0.485417 0.029687 0.031944
0 0.391016 0.502778 0.032031 0.041667
0 0.445703 0.466667 0.024219 0.033333
0 0.538672 0.426389 0.021094 0.033333
0 0.591406 0.420139 0.017188 0.026389
0 0.425781 0.429861 0.018750 0.026389
0 0.444141 0.401389 0.014844 0.022222
0 0.406250 0.456250 0.026562 0.037500
1 0.393750 0.418750 0.028125 0.040278
1 0.341797 0.454167 0.071094 0.111111
