0 0.645312 0.732639 0.079687 0.159722
0 0.350391 0.832639 0.083594 0.131944
0 0.207813 0.832639 0.115625 0.151389
0 0.283594 0.663889 0.070312 0.083333
0 0.367188 0.703472 0.070312 0.090278
0 0.407031 0.620833 0.051562 0.069444
0 0.351172 0.561111 0.046094 0.055556
0 0.280078 0.568056 0.050781 0.061111
0 0.681641 0.527778 0.035156 0.052778
0 0.389844 0.507639 0.032813 0.043056
0 0.403906 0.461806 0.028125 0.040278
0 0.421094 0.438194 0.020313 0.026389
0 0.446094 0.465278 0.025000 0.033333
0 0.442578 0.494444 0.025781 0.036111
0 0.539062 0.434028 0.021875 0.031944
0 0.608984 0.438194 0.022656 0.026389
0 0.573047 0.393056 0.013281 0.019444
1 0.387109 0.425694 0.027344 0.048611
1 0.328906 0.468056 0.079687 0.125000
