0 0.581250 0.561111 0.043750 0.069444
0 0.678906 0.525694 0.037500 0.045833
0 0.546094 0.448611 0.025000 0.038889
0 0.605078 0.438194 0.021094 0.029167
0 0.532813 0.413889 0.017188 0.025000
0 0.558984 0.400694 0.014844 0.023611
0 0.524219 0.377083 0.014063 0.023611
0 0.447266 0.396528 0.013281 0.018056
0 0.439844 0.375694 0.010937 0.018056
0 0.429688 0.425694 0.018750 0.023611
0 0.408203 0.454861 0.025781 0.037500
0 0.445703 0.463889 0.025781 0.030556
0 0.392188 0.503472 0.031250 0.040278
0 0.360156 0.547917 0.042188 0.054167
0 0.310937 0.530556 0.040625 0.052778
0 0.418750 0.561806 0.043750 0.068056
0 0.407422 0.622222 0.049219 0.072222
0 0.433203 0.513889 0.028906 0.041667
0 0.366406 0.706944 0.068750 0.094444
0 0.293359 0.647917 0.066406 0.076389
0 0.245312 0.759028 0.095312 0.120833
0 0.350391 0.828472 0.083594 0.131944
