0 0.606250 0.666667 0.059375 0.094444
0 0.666406 0.577778 0.048438 0.075000
0 0.544922 0.451389 0.027344 0.047222
0 0.602734 0.432639 0.019531 0.034722
0 0.352734 0.829861 0.082031 0.129167
0 0.155469 0.693750 0.082812 0.087500
0 0.278125 0.697222 0.075000 0.102778
0 0.310547 0.619444 0.060156 0.066667
0 0.366406 0.704861 0.068750 0.095833
0 0.406250 0.622917 0.053125 0.070833
0 0.418750 0.556250 0.043750 0.056944
0 0.371484 0.527778 0.039844 0.044444
0 0.351562 0.480556 0.032813 0.036111
0 0.400000 0.490278 0.032813 0.038889
0 0.432812 0.512500 0.032813 0.038889
0 0.420703 0.434722 0.022656 0.033333
0 0.413672 0.398611 0.021094 0.033333
0 0.443750 0.400000 0.014063 0.019444
0 0.446484 0.465278 0.024219 0.030556
0 0.560156 0.409028 0.015625 0.023611
0 0.457031 0.436111 0.018750 0.022222
