1 0.732812 0.702083 0.090625 0.165278
0 0.589844 0.573611 0.048438 0.086111
0 0.348047 0.841667 0.083594 0.136111
0 0.190234 0.864583 0.124219 0.156944
0 0.280078 0.670833 0.074219 0.083333
0 0.366797 0.708333 0.067969 0.100000
0 0.407031 0.620833 0.051562 0.072222
0 0.347656 0.570833 0.045312 0.061111
0 0.265625 0.585417 0.056250 0.062500
0 0.389453 0.510417 0.032031 0.043056
0 0.418359 0.557639 0.044531 0.062500
0 0.432812 0.514583 0.031250 0.043056
0 0.445703 0.465278 0.025781 0.033333
0 0.401953 0.461806 0.027344 0.040278
0 0.648828 0.486111 0.025781 0.036111
0 0.533594 0.415972 0.018750 0.026389
0 0.595313 0.422917 0.018750 0.023611
0 0.436719 0.412500 0.017188 0.022222
0 0.430469 0.385417 0.012500 0.018056
1 0.382422 0.429861 0.028906 0.045833
1 0.322266 0.473611 0.085156 0.130556
0 0.925000 0.817361 0.115625 0.145833
