1 0.370703 0.426389 0.053906 0.091667
0 0.791406 0.664583 0.076563 0.098611
0 0.670312 0.826389 0.103125 0.205556
0 0.350781 0.832639 0.081250 0.134722
0 0.368359 0.705556 0.067969 0.094444
0 0.305859 0.624306 0.063281 0.068056
0 0.274219 0.706250 0.079687 0.104167
0 0.130469 0.720833 0.090625 0.091667
0 0.407813 0.621528 0.050000 0.073611
0 0.571094 0.550000 0.037500 0.058333
0 0.620313 0.502778 0.031250 0.050000
0 0.419531 0.557639 0.045312 0.062500
0 0.370703 0.532639 0.038281 0.048611
0 0.343359 0.488889 0.032031 0.038889
0 0.395703 0.494444 0.027344 0.038889
0 0.433203 0.513889 0.030469 0.041667
0 0.417969 0.441667 0.025000 0.038889
0 0.409766 0.402083 0.019531 0.034722
0 0.440234 0.406944 0.013281 0.022222
0 0.446094 0.465278 0.023438 0.030556
0 0.538672 0.427778 0.022656 0.038889
0 0.590625 0.415972 0.015625 0.023611
