0 0.350391 0.836806 0.082031 0.134722
0 0.221484 0.804861 0.107031 0.140278
0 0.287500 0.661806 0.071875 0.084722
0 0.367188 0.706944 0.068750 0.097222
0 0.407422 0.622222 0.050781 0.072222
0 0.355078 0.559028 0.046094 0.056944
0 0.291406 0.554861 0.048438 0.059722
0 0.418359 0.556944 0.046094 0.061111
0 0.727734 0.584028 0.046094 0.065278
0 0.391406 0.505556 0.032813 0.044444
0 0.432422 0.515278 0.032031 0.044444
0 0.546875 0.460417 0.028125 0.040278
0 0.446094 0.465972 0.023438 0.037500
0 0.404297 0.459722 0.027344 0.041667
0 0.423828 0.434028 0.019531 0.029167
0 0.441797 0.406250 0.013281 0.020833
0 0.533984 0.409028 0.019531 0.029167
0 0.580859 0.405556 0.014844 0.019444
0 0.624609 0.458333 0.024219 0.030556
1 0.334766 0.459722 0.075781 0.116667
1 0.389844 0.424306 0.026562 0.043056
