0 0.819922 0.697222 0.083594 0.102778
0 0.572656 0.529167 0.039062 0.063889
0 0.655859 0.502083 0.032031 0.045833
0 0.544531 0.456250 0.023438 0.031944
0 0.579297 0.434722 0.022656 0.030556
0 0.529297 0.395833 0.019531 0.027778
0 0.573828 0.392361 0.014844 0.020833
0 0.067969 0.793750 0.115625 0.115278
0 0.264453 0.725000 0.088281 0.111111
0 0.349219 0.829861 0.082812 0.131944
0 0.366406 0.706250 0.068750 0.095833
0 0.300000 0.633333 0.065625 0.069444
0 0.407422 0.622917 0.049219 0.073611
0 0.366406 0.539583 0.040625 0.051389
0 0.327734 0.509722 0.036719 0.047222
0 0.418750 0.559722 0.043750 0.063889
0 0.393750 0.500000 0.029687 0.041667
0 0.432422 0.511806 0.030469 0.037500
0 0.445312 0.465278 0.025000 0.030556
0 0.442188 0.492361 0.026562 0.029167
0 0.412891 0.447222 0.024219 0.036111
0 0.404297 0.407639 0.022656 0.037500
1 0.360938 0.436806 0.059375 0.095833
