0 0.350000 0.834028 0.082812 0.126389
0 0.366797 0.707639 0.069531 0.095833
0 0.284375 0.688194 0.073438 0.098611
0 0.176563 0.669444 0.076563 0.077778
0 0.312891 0.611806 0.058594 0.056944
0 0.406250 0.620139 0.050000 0.070833
0 0.419531 0.556944 0.045312 0.063889
0 0.374609 0.524306 0.039844 0.045833
0 0.357031 0.470139 0.026562 0.029167
0 0.556250 0.485417 0.034375 0.062500
0 0.619531 0.452778 0.025000 0.038889
0 0.755859 0.723611 0.083594 0.136111
0 0.567969 0.425000 0.017188 0.025000
0 0.422266 0.431250 0.021094 0.031944
0 0.416797 0.394444 0.019531 0.030556
0 0.400000 0.486111 0.029687 0.036111
0 0.432812 0.511111 0.031250 0.038889
0 0.445703 0.464583 0.025781 0.034722
0 0.456641 0.436806 0.019531 0.023611
