0 0.366797 0.705556 0.069531 0.094444
0 0.350781 0.831250 0.079687 0.126389
0 0.286719 0.684028 0.073438 0.098611
0 0.196875 0.645139 0.068750 0.073611
0 0.315234 0.608333 0.058594 0.058333
0 0.407031 0.623611 0.051562 0.075000
0 0.378125 0.522222 0.035937 0.047222
0 0.418750 0.557639 0.042188 0.062500
0 0.366016 0.463889 0.027344 0.036111
0 0.403906 0.483333 0.029687 0.036111
0 0.432422 0.511806 0.030469 0.040278
0 0.446484 0.465278 0.024219 0.033333
0 0.426172 0.429861 0.019531 0.031944
0 0.419531 0.390972 0.018750 0.029167
0 0.581641 0.447222 0.021094 0.033333
0 0.643359 0.481944 0.030469 0.041667
1 0.575391 0.545139 0.042969 0.087500
1 0.385547 0.410417 0.044531 0.076389
